1552.13, 10.02
1132.97, 10.02
1184.29, 10.02
1231.14, 10.02
1133.48, 10.02
1354.08, 10.02
1257.69, 10.02
1889.15, 10.02
1175.35, 10.02
1200.29, 10.02
1136.39, 10.02
1288.71, 10.02
1239.18, 10.02
1138.20, 10.02
1289.79, 10.02
1206.88, 10.02
1291.90, 10.02
1223.74, 10.02
1254.20, 10.02
1244.30, 10.02
1197.09, 10.02
1210.89, 10.02
1205.24, 10.02
1112.01, 10.02
1210.98, 10.02
1185.92, 10.02
1155.37, 10.02
1173.48, 10.02
1283.96, 10.02
1385.49, 10.02
1299.75, 10.02
1206.03, 10.02
1175.64, 10.02
1213.85, 10.02
1250.22, 10.02
1250.94, 10.02
1233.53, 10.02
1350.29, 10.02
1278.06, 10.02
1309.80, 10.02
1305.97, 10.02
1485.80, 10.02
1184.93, 10.02
1205.95, 10.02
1259.73, 10.02
1196.47, 10.02
1234.28, 10.02
1280.93, 10.02
1237.68, 10.02
1197.34, 10.02
1118.82, 10.02
1117.95, 10.02
1138.47, 10.02
1305.67, 10.02
1251.11, 10.02
1275.30, 10.02
1226.98, 10.02
1189.83, 10.02
1236.68, 10.02
1223.07, 10.02
1246.24, 10.02
1287.01, 10.02
1293.61, 10.02
1248.42, 10.02
1207.59, 10.02
1429.91, 10.02
1210.63, 10.02
1226.23, 10.02
1158.19, 10.02
1299.61, 10.02
1207.10, 10.02
1282.35, 10.02
1232.69, 10.02
1234.32, 10.02
1189.80, 10.02
1248.85, 10.02
1271.10, 10.02
1287.38, 10.02
1265.30, 10.02
1198.05, 10.02
1295.87, 10.02
1243.00, 10.02
1245.95, 10.02
1234.26, 10.02
1272.29, 10.02
1259.33, 10.02
1167.42, 10.02
1192.99, 10.02
1208.13, 10.02
1179.37, 10.02
1178.31, 10.02
1227.70, 10.02
1250.47, 10.02
1189.66, 10.02
1184.44, 10.02
1208.27, 10.02
1253.83, 10.02
1283.37, 10.02
1239.56, 10.02
1270.27, 10.02
1281.44, 10.02
1259.74, 10.02
1241.81, 10.02
1204.52, 10.02
1212.56, 10.02
1242.02, 10.02
1239.82, 10.02
1252.28, 10.02
1207.83, 10.02
3786.31, 10.02
2197.13, 10.02
1201.18, 10.02
1184.86, 10.02
1209.06, 10.02
1195.42, 10.02
1156.29, 10.02
1227.32, 10.02
1205.97, 10.02
1153.74, 10.02
1135.86, 10.02
1225.52, 10.02
1251.76, 10.02
1262.11, 10.02
1165.06, 10.02
1178.35, 10.02
1144.36, 10.02
1179.40, 10.02
1167.01, 10.02
1206.26, 10.02
1272.86, 10.02
1241.23, 10.02
1184.46, 10.02
1143.14, 10.02
1201.47, 10.02
1209.16, 10.02
1455.91, 10.02
1221.27, 10.02
1192.29, 10.02
1152.82, 10.02
1171.44, 10.02
1170.46, 10.02
1213.85, 10.02
1223.81, 10.02
1229.22, 10.02
1318.92, 10.02
1164.33, 10.02
1192.45, 10.02
1235.19, 10.02
1254.56, 10.02
1235.33, 10.02
1259.99, 10.02
1273.87, 10.02
1283.95, 10.02
1280.80, 10.02
1320.58, 10.02
1174.47, 10.02
1262.84, 10.02
1244.38, 10.02
1191.64, 10.02
1167.51, 10.02
1174.92, 10.02
1178.45, 10.02
1186.85, 10.02
1156.04, 10.02
1182.20, 10.02
1219.74, 10.02
1165.29, 10.02
1146.37, 10.02
1182.59, 10.02
1330.26, 10.02
1197.98, 10.02
1361.16, 10.02
1799.42, 10.02
1200.80, 10.02
1326.80, 10.02
1316.18, 10.02
1391.94, 10.02
1325.36, 10.02
1165.07, 10.02
1161.48, 10.02
1232.24, 10.02
1263.04, 10.02
1227.84, 10.02
1155.31, 10.02
1175.25, 10.02
1188.56, 10.02
1148.70, 10.02
1119.05, 10.02
1237.42, 10.02
1225.05, 10.02
1181.59, 10.02
1186.31, 10.02
1272.35, 10.02
1224.33, 10.02
1223.18, 10.02
1313.44, 10.02
1207.48, 10.02
1229.07, 10.02
1305.13, 10.02
1221.29, 10.02
1197.30, 10.02
1202.74, 10.02
1152.52, 10.02
1218.90, 10.02
1169.12, 10.02
1186.01, 10.02
1362.96, 10.02
1243.94, 10.02
1229.61, 10.02
1225.03, 10.02
1217.02, 10.02
1224.68, 10.02
1184.77, 10.02
1183.24, 10.02
1171.74, 10.02
1174.02, 10.02
1187.24, 10.02
1141.78, 10.02
1176.99, 10.02
1170.18, 10.02
1183.68, 10.02
1204.31, 10.02
1252.92, 10.02
1315.78, 10.02
1263.74, 10.02
1143.84, 10.02
1154.99, 10.02
1204.35, 10.02
1184.93, 10.02
1128.66, 10.02
1164.40, 10.02
1182.32, 10.02
1251.16, 10.02
1210.52, 10.02
1347.75, 10.02
1204.00, 10.02
1154.01, 10.02
1156.48, 10.02
1146.84, 10.02
1203.09, 10.02
1135.11, 10.02
1315.56, 10.02
1165.96, 10.02
1181.22, 10.02
1182.21, 10.02
1156.50, 10.02
1143.21, 10.02
1203.34, 10.02
1206.85, 10.02
1183.62, 10.02
1236.20, 10.02
1239.54, 10.02
1257.43, 10.02
1221.12, 10.02
1196.51, 10.02
1171.58, 10.02
1160.22, 10.02
1186.42, 10.02
1375.66, 10.02
1165.12, 10.02
1240.20, 10.02
1205.25, 10.02
1205.57, 10.02
1241.85, 10.02
1296.05, 10.02
1178.84, 10.02
1191.27, 10.02
1257.39, 10.02
1191.26, 10.02
1243.76, 10.02
1335.27, 10.02
1283.11, 10.02
1331.64, 10.02
1430.54, 10.02
1254.03, 10.02
1438.71, 10.02
1268.33, 10.02
1315.73, 10.02
1199.70, 10.02
1190.98, 10.02
1211.47, 10.02
1255.98, 10.02
1213.40, 10.02
1351.65, 10.02
1205.19, 10.02
1187.75, 10.02
1230.01, 10.02
1323.61, 10.02
1286.41, 10.02
1281.01, 10.02
1351.21, 10.02
1198.32, 10.02
1278.27, 10.02
1266.92, 10.02
1338.23, 10.02
1284.51, 10.02
1180.70, 10.02
1343.06, 10.02
1276.37, 10.02
1253.67, 10.02
1281.35, 10.02
1288.95, 10.02
1200.91, 10.02
1223.09, 10.02
1242.26, 10.02
1261.18, 10.02
1211.62, 10.02
1369.90, 10.02
1277.67, 10.02
1267.54, 10.02
1244.10, 10.02
1270.19, 10.02
1305.64, 10.02
1250.73, 10.02
1279.89, 10.02
1274.07, 10.02
1335.88, 10.02
1686.06, 10.02
1190.28, 10.02
1148.99, 10.02
1240.92, 10.02
1222.55, 10.02
1235.01, 10.02
1166.32, 10.02
1201.52, 10.02
1227.03, 10.02
1181.81, 10.02
1236.83, 10.02
1198.38, 10.02
1237.62, 10.02
1174.22, 10.02
1218.99, 10.02
1276.71, 10.02
1186.69, 10.02
1191.05, 10.02
1212.81, 10.02
1166.16, 10.02
1200.85, 10.02
1300.41, 10.02
1193.78, 10.02
1177.45, 10.02
1141.10, 10.02
1210.52, 10.02
1212.27, 10.02
1200.18, 10.02
1310.85, 10.02
1213.55, 10.02
1336.61, 10.02
1293.09, 10.02
1249.81, 10.02
1174.71, 10.02
1161.89, 10.02
1187.63, 10.02
1217.61, 10.02
1353.43, 10.02
1209.01, 10.02
1180.42, 10.02
1218.06, 10.02
1220.03, 10.02
1247.75, 10.02
1320.60, 10.02
1245.54, 10.02
1191.04, 10.02
1245.89, 10.02
1336.33, 10.02
1196.46, 10.02
1263.87, 10.02
1231.77, 10.02
1113.95, 10.02
1133.78, 10.02
1238.60, 10.02
1241.91, 10.02
1215.47, 10.02
1211.33, 10.02
1201.46, 10.02
1202.28, 10.02
1293.00, 10.02
1198.30, 10.02
1216.73, 10.02
1237.36, 10.02
1242.77, 10.02
1136.79, 10.02
1107.32, 10.02
1180.76, 10.02
1356.58, 10.02
1454.17, 10.02
1243.85, 10.02
1114.73, 10.02
1100.62, 10.02
1238.23, 10.02
1205.58, 10.02
1227.86, 10.02
1305.88, 10.02
1317.34, 10.02
1188.15, 10.02
1198.95, 10.02
1187.80, 10.02
1184.29, 10.02
1210.17, 10.02
1182.19, 10.02
1172.27, 10.02
1206.13, 10.02
1189.51, 10.02
1251.56, 10.02
1217.58, 10.02
1198.43, 10.02
1206.88, 10.02
1303.83, 10.02
1167.93, 10.02
1163.62, 10.02
1193.31, 10.02
1183.73, 10.02
1195.87, 10.02
1203.80, 10.02
1172.31, 10.02
1168.66, 10.02
1184.21, 10.02
1161.99, 10.02
1186.64, 10.02
1167.82, 10.02
1179.11, 10.02
1217.74, 10.02
1183.49, 10.02
1256.68, 10.02
1259.39, 10.02
1350.81, 10.02
1371.52, 10.02
1294.94, 10.02
1240.12, 10.02
1356.80, 10.02
1318.91, 10.02
1337.78, 10.02
1264.40, 10.02
1289.98, 10.02
1333.78, 10.02
1210.37, 10.02
1149.38, 10.02
1178.40, 10.02
1448.20, 10.02
1208.97, 10.02
1222.95, 10.02
1237.83, 10.02
1315.62, 10.02
1193.83, 10.02
1222.17, 10.02
1197.36, 10.02
1193.18, 10.02
1352.20, 10.02
1346.72, 10.02
1269.30, 10.02
1289.59, 10.02
1273.01, 10.02
1213.43, 10.02
1319.66, 10.02
1337.11, 10.02
1272.62, 10.02
1215.90, 10.02
1166.96, 10.02
1345.28, 10.02
1228.91, 10.02
3038.16, 10.02
3458.91, 10.02
4222.38, 10.02
1809.30, 10.02
2237.37, 10.02
3758.63, 10.02
4206.53, 10.02
4632.34, 10.02
4299.10, 10.02
1533.82, 10.02
1609.65, 10.02
1384.29, 10.02
2801.44, 10.02
2474.87, 10.02
3867.21, 10.02
4274.99, 10.02
2564.40, 10.02
3119.87, 10.02
1910.18, 10.02
5032.03, 10.02
4315.44, 10.02
5813.50, 10.02
5516.03, 10.02
3391.81, 10.02
3854.66, 10.02
4595.01, 10.02
6334.60, 10.02
8211.18, 10.02
6233.14, 10.02
3965.86, 10.02
2338.54, 10.02
3935.36, 10.02
2878.32, 10.02
2743.69, 10.02
2918.46, 10.02
4415.24, 10.02
2655.07, 10.02
2639.34, 10.02
2699.54, 10.02
3463.99, 10.02
2707.27, 10.02
2483.82, 10.02
2377.53, 10.02
2736.65, 10.02
2539.28, 10.02
1919.00, 10.02
2116.23, 10.02
2458.62, 10.02
1792.22, 10.02
1631.47, 10.02
1747.49, 10.02
1434.58, 10.02
1923.86, 10.02
1731.25, 10.02
1877.38, 10.02
2171.24, 10.02
1697.92, 10.02
3259.89, 10.02
1935.29, 10.02
2675.02, 10.02
1556.25, 10.02
2047.61, 10.02
2004.45, 10.02
1719.34, 10.02
2378.39, 10.02
2571.64, 10.02
1845.40, 10.02
1806.35, 10.02
1924.59, 10.02
1666.30, 10.02
1892.85, 10.02
1764.30, 10.02
1601.91, 10.02
1568.02, 10.02
1731.14, 10.02
1513.31, 10.02
1561.22, 10.02
2362.33, 10.02
1642.87, 10.02
1988.74, 10.02
1434.44, 10.02
1806.49, 10.02
1691.13, 10.02
1244.46, 10.02
1441.64, 10.02
1360.49, 10.02
1425.90, 10.02
1305.96, 10.02
1388.19, 10.02
1293.83, 10.02
1419.28, 10.02
1500.15, 10.02
1448.46, 10.02
1540.59, 10.02
1431.79, 10.02
1457.61, 10.02
1415.07, 10.02
1325.24, 10.02
1496.63, 10.02
1767.89, 10.02
1654.90, 10.02
1555.36, 10.02
1402.48, 10.02
2306.88, 10.02
1564.27, 10.02
1817.37, 10.02
2374.19, 10.02
2047.55, 10.02
1408.80, 10.02
1383.16, 10.02
1468.30, 10.02
1343.18, 10.02
1405.08, 10.02
1313.93, 10.02
1402.43, 10.02
1360.58, 10.02
1330.88, 10.02
1395.97, 10.02
1372.21, 10.02
1252.88, 10.02
1385.43, 10.02
1694.69, 10.02
1679.84, 10.02
1765.15, 10.02
1689.40, 10.02
1637.49, 10.02
1754.05, 10.02
2164.45, 10.02
1938.16, 10.02
1667.87, 10.02
2530.61, 10.02
2555.24, 10.02
1895.49, 10.02
1743.11, 10.02
1645.13, 10.02
4486.76, 10.02
2486.24, 10.02
5310.04, 10.02
1922.61, 10.02
1778.84, 10.02
3014.41, 10.02
1930.29, 10.02
1977.18, 10.02
1905.91, 10.02
3250.85, 10.02
2605.75, 10.02
5021.89, 10.02
7696.40, 10.02
4271.14, 10.02
4573.85, 10.02
2851.85, 10.02
2202.76, 10.02
1755.73, 10.02
1851.46, 10.02
7715.79, 10.02
4755.43, 10.02
3201.80, 10.02
1572.36, 10.02
4608.65, 10.02
8433.82, 10.02
5958.18, 10.02
10916.35, 10.02
9280.35, 10.02
1822.03, 10.02
6008.40, 10.02
17021.81, 10.02
5349.94, 10.02
4555.22, 10.02
5073.67, 10.02
3842.89, 10.02
7290.55, 10.02
10007.82, 10.02
4503.01, 10.02
10854.80, 10.02
41097.69, 10.02
10821.32, 10.02
3984.42, 10.02
5694.13, 10.02
2753.45, 10.02
1656.75, 10.02
2631.28, 10.02
14877.72, 10.02
2656.29, 10.02
4681.37, 10.02
7963.65, 10.02
3650.22, 10.02
1953.03, 10.02
2136.06, 10.02
6529.03, 10.02
1679.24, 10.02
1286.37, 10.02
1190.23, 10.02
1209.78, 10.02
1443.60, 10.02
1380.55, 10.02
1299.64, 10.02
1211.87, 10.02
1242.22, 10.02
1257.95, 10.02
1224.54, 10.02
1333.50, 10.02
1362.84, 10.02
1329.92, 10.02
1316.12, 10.02
1454.18, 10.02
1451.09, 10.02
1639.08, 10.02
1693.32, 10.02
1310.05, 10.02
1113.68, 10.02
1215.40, 10.02
1254.00, 10.02
1128.87, 10.02
1256.60, 10.02
1472.56, 10.02
1206.03, 10.02
1160.06, 10.02
1265.33, 10.02
1189.09, 10.02
1228.18, 10.02
1276.38, 10.02
1112.79, 10.02
1267.40, 10.02
1174.81, 10.02
1184.75, 10.02
1128.46, 10.02
1164.68, 10.02
1159.67, 10.02
1171.06, 10.02
1162.06, 10.02
1193.86, 10.02
1156.61, 10.02
1165.97, 10.02
1182.52, 10.02
1166.02, 10.02
1136.69, 10.02
1145.72, 10.02
1171.54, 10.02
1177.12, 10.02
1177.38, 10.02
1249.21, 10.02
1167.45, 10.02
1329.91, 10.02
1162.15, 10.02
1245.73, 10.02
1178.45, 10.02
1373.45, 10.02
1786.69, 10.02
1476.16, 10.02
1308.74, 10.02
1573.40, 10.02
1370.17, 10.02
1358.65, 10.02
1181.63, 10.02
1228.56, 10.02
1358.14, 10.02
1184.47, 10.02
1282.74, 10.02
1278.93, 10.02
1254.71, 10.02
1523.44, 10.02
1248.12, 10.02
1299.30, 10.02
1249.83, 10.02
1272.28, 10.02
1318.33, 10.02
1246.39, 10.02
1241.00, 10.02
2465.93, 10.02
1533.59, 10.02
1500.63, 10.02
1915.85, 10.02
1615.00, 10.02
1404.49, 10.02
1247.17, 10.02
1449.90, 10.02
1516.90, 10.02
1296.92, 10.02
1257.37, 10.02
1484.92, 10.02
1361.04, 10.02
1325.65, 10.02
1457.57, 10.02
1318.62, 10.02
1241.30, 10.02
1317.01, 10.02
1246.38, 10.02
1199.55, 10.02
1256.87, 10.02
1220.87, 10.02
1267.99, 10.02
1223.98, 10.02
1219.98, 10.02
1285.00, 10.02
1202.68, 10.02
1177.77, 10.02
1429.54, 10.02
1381.05, 10.02
1220.18, 10.02
1320.64, 10.02
1285.06, 10.02
1295.95, 10.02
1167.06, 10.02
1284.49, 10.02
1284.95, 10.02
1257.60, 10.02
1199.83, 10.02
1241.00, 10.02
1212.80, 10.02
1285.56, 10.02
1242.93, 10.02
1230.04, 10.02
1241.36, 10.02
1185.46, 10.02
1241.17, 10.02
1202.48, 10.02
1819.53, 10.02
1278.96, 10.02
1197.80, 10.02
1160.65, 10.02
1177.57, 10.02
1239.40, 10.02
1185.15, 10.02
1309.23, 10.02
1429.23, 10.02
1240.60, 10.02
1272.16, 10.02
1198.27, 10.02
1172.11, 10.02
1208.53, 10.02
1148.70, 10.02
1088.34, 10.02
1234.70, 10.02
1228.24, 10.02
1178.43, 10.02
1206.69, 10.02
1145.51, 10.02
1346.95, 10.02
1209.34, 10.02
1238.76, 10.02
1239.58, 10.02
1230.37, 10.02
1258.13, 10.02
1192.65, 10.02
1214.52, 10.02
1231.84, 10.02
1336.81, 10.02
1287.31, 10.02
1748.83, 10.02
3598.24, 10.02
1329.35, 10.02
1278.09, 10.02
1145.49, 10.02
1205.25, 10.02
1267.46, 10.02
1356.16, 10.02
1222.60, 10.02
1178.51, 10.02
1216.72, 10.02
1087.98, 10.02
1278.08, 10.02
1232.80, 10.02
1431.22, 10.02
1193.32, 10.02
1260.85, 10.02
1907.71, 10.02
1553.41, 10.02
1444.59, 10.02
1946.88, 10.02
1466.33, 10.02
1814.11, 10.02
1541.62, 10.02
1283.32, 10.02
1244.04, 10.02
1231.60, 10.02
1216.66, 10.02
1313.54, 10.02
1134.98, 10.02
1156.61, 10.02
1333.96, 10.02
1342.27, 10.02
1387.62, 10.02
1360.21, 10.02
1185.46, 10.02
1200.24, 10.02
1192.81, 10.02
1196.67, 10.02
1174.61, 10.02
1298.55, 10.02
1277.44, 10.02
1212.67, 10.02
1326.99, 10.02
1183.77, 10.02
1239.08, 10.02
1283.03, 10.02
1353.02, 10.02
1217.11, 10.02
1250.07, 10.02
1211.12, 10.02
1338.85, 10.02
1281.47, 10.02
1272.88, 10.02
1466.61, 10.02
1354.51, 10.02
1200.98, 10.02
1165.81, 10.02
1210.39, 10.02
1257.26, 10.02
1251.24, 10.02
1446.35, 10.02
1209.05, 10.02
1084.14, 10.02
1227.49, 10.02
1220.14, 10.02
1203.00, 10.02
1134.51, 10.02
1199.18, 10.02
1268.72, 10.02
1164.47, 10.02
1270.79, 10.02
1352.54, 10.02
1270.06, 10.02
1301.68, 10.02
1287.59, 10.02
1316.68, 10.02
1264.17, 10.02
1283.32, 10.02
1308.92, 10.02
1228.17, 10.02
1246.81, 10.02
1262.85, 10.02
1222.94, 10.02
1221.20, 10.02
1169.87, 10.02
1239.81, 10.02
1171.86, 10.02
1229.97, 10.02
1298.62, 10.02
1312.50, 10.02
1177.39, 10.02
1355.44, 10.02
1132.04, 10.02
1280.83, 10.02
1159.48, 10.02
1192.55, 10.02
1235.02, 10.02
1174.78, 10.02
1207.54, 10.02
1249.89, 10.02
1253.80, 10.02
1204.95, 10.02
1106.75, 10.02
1162.68, 10.02
1394.87, 10.02
1321.46, 10.02
1214.84, 10.02
1415.81, 10.02
1430.13, 10.02
1358.98, 10.02
1324.03, 10.02
1438.07, 10.02
1229.96, 10.02
1294.08, 10.02
1462.29, 10.02
1485.11, 10.02
1238.66, 10.02
1329.91, 10.02
1164.96, 10.02
1226.92, 10.02
1336.23, 10.02
1420.56, 10.02
1234.99, 10.02
1078.31, 10.02
1051.40, 10.02
1269.00, 10.02
1116.98, 10.02
1256.19, 10.02
1239.42, 10.02
1211.52, 10.02
1211.19, 10.02
1289.89, 10.02
1305.01, 10.02
1330.29, 10.02
1294.46, 10.02
1258.18, 10.02
1286.46, 10.02
1255.07, 10.02
1246.60, 10.02
1314.33, 10.02
1219.95, 10.02
1249.64, 10.02
1159.49, 10.02
1176.38, 10.02
1056.32, 10.02
1218.07, 10.02
1231.13, 10.02
1189.57, 10.02
1171.63, 10.02
1142.68, 10.02
1227.75, 10.02
1212.66, 10.02
1242.85, 10.02
1218.48, 10.02
1051.12, 10.02
1149.38, 10.02
1203.63, 10.02
1387.95, 10.02
1398.41, 10.02
1242.17, 10.02
1169.34, 10.02
1180.79, 10.02
1221.92, 10.02
1197.89, 10.02
1223.56, 10.02
1273.07, 10.02
1244.10, 10.02
1278.19, 10.02
1205.01, 10.02
1167.74, 10.02
1214.92, 10.02
1193.33, 10.02
1431.03, 10.02
1374.74, 10.02
1237.51, 10.02
1160.79, 10.02
1126.02, 10.02
1311.61, 10.02
1236.70, 10.02
1078.00, 10.02
1203.94, 10.02
1218.69, 10.02
1237.08, 10.02
1190.36, 10.02
1110.52, 10.02
1191.16, 10.02
1171.92, 10.02
1210.26, 10.02
1268.34, 10.02
1165.34, 10.02
1224.61, 10.02
1169.78, 10.02
1224.85, 10.02
1201.14, 10.02
1053.98, 10.02
1153.10, 10.02
1205.41, 10.02
1221.76, 10.02
1293.93, 10.02
1230.47, 10.02
1232.09, 10.02
1319.09, 10.02
1240.45, 10.02
1165.38, 10.02
1212.73, 10.02
1195.32, 10.02
1139.90, 10.02
1192.13, 10.02
1236.61, 10.02
1239.98, 10.02
1181.57, 10.02
1158.37, 10.02
1261.63, 10.02
1251.33, 10.02
1213.56, 10.02
1100.13, 10.02
1183.77, 10.02
1088.25, 10.02
1292.09, 10.02
1430.81, 10.02
1361.19, 10.02
1290.47, 10.02
1260.47, 10.02
1563.78, 10.02
1251.18, 10.02
1312.75, 10.02
1455.72, 10.02
1314.24, 10.02
1287.91, 10.02
1338.33, 10.02
1517.83, 10.02
1310.18, 10.02
1267.06, 10.02
1306.79, 10.02
1430.65, 10.02
1285.90, 10.02
1192.54, 10.02
1230.02, 10.02
1340.40, 10.02
1607.73, 10.02
1319.61, 10.02
1330.07, 10.02
1388.51, 10.02
1494.22, 10.02
1246.43, 10.02
1205.61, 10.02
1256.91, 10.02
1244.64, 10.02
1259.95, 10.02
1207.23, 10.02
1248.80, 10.02
1232.23, 10.02
1337.22, 10.02
1189.92, 10.02
1206.26, 10.02
1244.78, 10.02
1369.88, 10.02
1257.83, 10.02
1234.56, 10.02
1237.41, 10.02
1228.47, 10.02
1278.55, 10.02
1297.18, 10.02
1248.75, 10.02
1277.40, 10.02
1427.62, 10.02
1311.22, 10.02
1320.97, 10.02
1358.21, 10.02
1262.33, 10.02
1368.15, 10.02
1319.49, 10.02
1269.57, 10.02
1257.54, 10.02
1265.81, 10.02
1432.76, 10.02
1250.88, 10.02
1307.89, 10.02
1243.96, 10.02
1246.65, 10.02
1338.44, 10.02
1236.88, 10.02
1240.77, 10.02
1243.96, 10.02
1129.11, 10.02
1194.21, 10.02
1255.20, 10.02
1206.07, 10.02
1283.19, 10.02
1215.28, 10.02
1262.28, 10.02
1518.25, 10.02
1215.62, 10.02
1280.58, 10.02
1353.66, 10.02
1231.83, 10.02
1308.01, 10.02
1243.30, 10.02
1453.84, 10.02
1407.82, 10.02
1362.40, 10.02
1370.92, 10.02
1349.41, 10.02
1239.42, 10.02
1229.95, 10.02
1503.45, 10.02
1259.84, 10.02
1274.44, 10.02
1352.26, 10.02
1298.95, 10.02
1188.24, 10.02
1246.70, 10.02
1292.33, 10.02
1322.42, 10.02
1369.75, 10.02
1702.87, 10.02
1361.53, 10.02
1243.50, 10.02
1251.24, 10.02
1215.55, 10.02
1334.23, 10.02
1353.41, 10.02
1284.45, 10.02
1438.92, 10.02
1436.31, 10.02
1232.73, 10.02
1240.11, 10.02
1337.36, 10.02
1406.52, 10.02
1333.64, 10.02
1265.36, 10.02
1315.15, 10.02
1275.47, 10.02
1291.64, 10.02
1314.51, 10.02
1339.34, 10.02
1312.56, 10.02
1336.16, 10.02
1387.41, 10.02
1321.78, 10.02
1261.04, 10.02
1305.72, 10.02
1396.06, 10.02
1281.50, 10.02
1330.70, 10.02
1352.67, 10.02
1126.76, 10.02
1224.12, 10.02
1286.58, 10.02
1235.29, 10.02
1150.89, 10.02
1178.45, 10.02
1299.03, 10.02
1393.16, 10.02
1480.90, 10.02
1291.46, 10.02
1196.41, 10.02
1292.09, 10.02
1248.64, 10.02
1191.78, 10.02
1279.39, 10.02
1257.97, 10.02
1264.92, 10.02
1336.33, 10.02
1276.13, 10.02
1243.42, 10.02
1316.64, 10.02
1200.73, 10.02
1335.98, 10.02
1188.26, 10.02
1234.04, 10.02
1212.55, 10.02
1312.45, 10.02
1167.63, 10.02
1253.11, 10.02
1198.77, 10.02
1210.74, 10.02
1179.96, 10.02
1218.53, 10.02
1273.87, 10.02
1350.94, 10.02
1383.19, 10.02
1226.63, 10.02
1251.00, 10.02
1203.70, 10.02
1394.36, 10.02
1219.74, 10.02
1271.13, 10.02
1298.06, 10.02
1198.65, 10.02
1189.13, 10.02
1181.06, 10.02
1330.70, 10.02
1239.33, 10.02
1174.22, 10.02
1261.88, 10.02
1159.07, 10.02
1199.39, 10.02
1162.95, 10.02
1257.40, 10.02
1188.10, 10.02
1213.51, 10.02
1237.50, 10.02
1141.65, 10.02
1234.02, 10.02
1304.79, 10.02
1171.73, 10.02
1222.76, 10.02
1177.85, 10.02
1295.55, 10.02
1351.91, 10.02
1205.98, 10.02
1189.53, 10.02
1192.86, 10.02
1331.13, 10.02
1389.15, 10.02
1628.60, 10.02
1315.10, 10.02
1224.41, 10.02
1267.81, 10.02
1563.11, 10.02
1237.17, 10.02
1212.90, 10.02
1231.13, 10.02
1207.15, 10.02
1466.45, 10.02
1197.04, 10.02
1201.19, 10.02
1355.46, 10.02
1259.28, 10.02
1496.25, 10.02
1497.36, 10.02
1366.05, 10.02
1267.71, 10.02
1229.27, 10.02
1285.39, 10.02
1506.43, 10.02
1198.07, 10.02
1319.25, 10.02
1240.53, 10.02
1177.97, 10.02
1212.29, 10.02
1204.57, 10.02
1193.42, 10.02
1204.03, 10.02
1230.20, 10.02
1213.71, 10.02
1171.15, 10.02
1201.79, 10.02
1210.40, 10.02
1218.50, 10.02
1329.47, 10.02
1257.77, 10.02
1218.20, 10.02
1440.14, 10.02
1252.56, 10.02
1401.54, 10.02
1226.57, 10.02
1368.69, 10.02
1211.43, 10.02
1318.77, 10.02
1326.42, 10.02
1299.15, 10.02
1214.72, 10.02
1434.69, 10.02
1357.97, 10.02
1227.03, 10.02
1319.96, 10.02
1262.04, 10.02
1300.83, 10.02
1333.04, 10.02
1323.52, 10.02
1310.72, 10.02
1328.21, 10.02
1237.37, 10.02
1344.22, 10.02
1372.82, 10.02
1587.00, 10.02
1524.07, 10.02
1634.63, 10.02
1937.39, 10.02
1888.25, 10.02
1472.39, 10.02
1265.04, 10.02
1557.65, 10.02
1388.47, 10.02
1328.13, 10.02
1218.51, 10.02
1284.85, 10.02
1464.76, 10.02
1303.88, 10.02
1305.02, 10.02
1292.54, 10.02
1401.72, 10.02
1308.78, 10.02
1252.74, 10.02
1367.02, 10.02
1258.40, 10.02
1365.39, 10.02
1697.23, 10.02
1348.38, 10.02
1400.39, 10.02
1273.42, 10.02
1466.68, 10.02
1693.67, 10.02
1255.50, 10.02
1567.17, 10.02
1519.29, 10.02
1168.30, 10.02
1205.16, 10.02
1590.21, 10.02
1501.94, 10.02
1357.84, 10.02
1420.87, 10.02
1333.71, 10.02
1250.37, 10.02
1240.51, 10.02
1333.76, 10.02
1392.81, 10.02
1323.38, 10.02
1453.09, 10.02
1412.13, 10.02
1264.21, 10.02
1399.35, 10.02
1649.05, 10.02
1474.03, 10.02
1486.60, 10.02
1387.34, 10.02
1342.91, 10.02
1391.91, 10.02
1379.79, 10.02
1464.75, 10.02
1324.94, 10.02
1227.85, 10.02
1247.83, 10.02
1310.32, 10.02
1189.88, 10.02
1537.61, 10.02
1285.40, 10.02
1181.10, 10.02
1171.66, 10.02
1251.81, 10.02
1199.37, 10.02
1142.07, 10.02
1203.93, 10.02
1142.89, 10.02
1236.17, 10.02
1197.36, 10.02
1233.29, 10.02
1148.68, 10.02
1316.71, 10.02
1178.56, 10.02
1169.01, 10.02
1140.17, 10.02
1332.51, 10.02
1356.88, 10.02
1197.77, 10.02
1226.03, 10.02
1216.06, 10.02
1224.85, 10.02
1191.96, 10.02
1287.78, 10.02
1194.54, 10.02
1168.75, 10.02
1191.08, 10.02
1178.55, 10.02
1130.13, 10.02
1192.09, 10.02
1182.08, 10.02
1818.21, 10.02
1361.63, 10.02
1285.80, 10.02
1284.58, 10.02
1284.06, 10.02
1168.47, 10.02
1255.77, 10.02
1194.29, 10.02
1235.47, 10.02
1267.27, 10.02
1210.56, 10.02
1267.56, 10.02
1168.72, 10.02
1184.49, 10.02
1169.04, 10.02
1350.42, 10.02
1200.67, 10.02
1177.43, 10.02
1200.17, 10.02
1247.19, 10.02
1185.01, 10.02
1266.83, 10.02
1236.49, 10.02
1167.09, 10.02
1216.45, 10.02
1233.53, 10.02
1299.10, 10.02
1228.50, 10.02
1207.22, 10.02
1267.30, 10.02
1255.63, 10.02
1170.45, 10.02
1190.50, 10.02
1163.86, 10.02
1195.48, 10.02
1163.57, 10.02
1182.78, 10.02
1225.96, 10.02
1212.21, 10.02
1238.78, 10.02
1287.55, 10.02
1235.61, 10.02
1197.68, 10.02
1167.55, 10.02
1144.44, 10.02
1161.57, 10.02
1188.55, 10.02
1162.97, 10.02
1210.93, 10.02
1219.39, 10.02
1335.83, 10.02
1260.02, 10.02
1132.01, 10.02
1135.64, 10.02
1191.27, 10.02
1215.27, 10.02
1223.89, 10.02
1197.70, 10.02
1180.49, 10.02
1144.02, 10.02
1165.06, 10.02
1215.31, 10.02
1265.28, 10.02
1307.57, 10.02
1206.96, 10.02
1294.15, 10.02
1285.56, 10.02
1221.17, 10.02
1134.93, 10.02
1365.60, 10.02
1360.70, 10.02
1300.35, 10.02
1269.18, 10.02
1226.65, 10.02
1185.71, 10.02
1259.19, 10.02
1170.05, 10.02
1158.63, 10.02
1264.91, 10.02
1155.66, 10.02
1175.88, 10.02
1087.86, 10.02
1189.00, 10.02
1139.26, 10.02
1172.55, 10.02
1228.13, 10.02
1241.20, 10.02
1157.91, 10.02
4195.86, 10.02
1315.33, 10.02
1197.41, 10.02
1166.81, 10.02
1213.08, 10.02
1215.67, 10.02
1192.96, 10.02
1360.55, 10.02
1110.54, 10.02
1162.66, 10.02
1200.57, 10.02
1217.43, 10.02
1236.61, 10.02
1361.21, 10.02
1295.02, 10.02
1221.41, 10.02
1330.52, 10.02
1625.45, 10.02
1549.58, 10.02
1522.44, 10.02
1704.68, 10.02
1593.35, 10.02
1585.60, 10.02
1122.74, 10.02
1310.90, 10.02
1171.20, 10.02
1223.78, 10.02
1212.48, 10.02
1147.99, 10.02
1216.65, 10.02
1220.99, 10.02
1208.06, 10.02
1230.25, 10.02
1213.95, 10.02
1602.67, 10.02
1413.82, 10.02
1698.28, 10.02
1228.69, 10.02
1247.35, 10.02
1386.61, 10.02
1105.10, 10.02
1185.22, 10.02
1226.02, 10.02
1282.06, 10.02
1305.89, 10.02
1393.51, 10.02
1204.27, 10.02
1185.25, 10.02
1229.41, 10.02
1172.60, 10.02
1191.10, 10.02
1283.98, 10.02
1179.88, 10.02
1321.60, 10.02
2625.77, 10.02
1245.24, 10.02
1227.53, 10.02
1144.56, 10.02
1190.24, 10.02
1094.35, 10.02
1128.30, 10.02
1139.65, 10.02
1162.94, 10.02
1111.29, 10.02
1172.91, 10.02
1168.98, 10.02
1138.87, 10.02
1357.73, 10.02
1188.49, 10.02
1326.25, 10.02
1234.05, 10.02
1225.97, 10.02
1140.51, 10.02
1148.08, 10.02
1277.66, 10.02
1263.18, 10.02
1100.12, 10.02
1161.47, 10.02
1136.20, 10.02
1227.41, 10.02
1336.45, 10.02
1225.51, 10.02
1139.73, 10.02
1210.76, 10.02
1286.18, 10.02
1225.78, 10.02
1309.88, 10.02
1248.31, 10.02
1149.88, 10.02
1305.94, 10.02
1153.17, 10.02
1228.78, 10.02
1132.74, 10.02
1184.90, 10.02
1236.24, 10.02
1174.27, 10.02
1254.74, 10.02
1231.37, 10.02
1220.00, 10.02
1175.86, 10.02
1165.90, 10.02
1239.71, 10.02
1268.28, 10.02
1130.11, 10.02
1215.84, 10.02
1265.84, 10.02
1222.04, 10.02
1162.25, 10.02
1272.47, 10.02
1195.62, 10.02
1201.85, 10.02
1150.06, 10.02
1164.99, 10.02
1277.14, 10.02
1186.02, 10.02
1221.59, 10.02
1310.97, 10.02
1190.72, 10.02
1116.23, 10.02
1182.54, 10.02
1158.44, 10.02
1200.41, 10.02
1179.37, 10.02
1149.00, 10.02
1145.81, 10.02
1146.34, 10.02
1169.09, 10.02
1162.27, 10.02
1177.59, 10.02
1255.45, 10.02
1262.16, 10.02
1183.64, 10.02
1162.85, 10.02
1177.22, 10.02
1130.19, 10.02
1165.69, 10.02
1292.08, 10.02
1198.48, 10.02
1156.81, 10.02
1156.73, 10.02
1172.00, 10.02
1267.67, 10.02
1138.89, 10.02
1181.62, 10.02
1208.54, 10.02
1461.61, 10.02
1358.37, 10.02
1213.99, 10.02
1214.54, 10.02
1249.51, 10.02
1183.10, 10.02
1169.88, 10.02
1182.77, 10.02
1178.69, 10.02
1211.82, 10.02
1157.78, 10.02
1256.83, 10.02
1249.27, 10.02
1228.67, 10.02
1275.77, 10.02
1144.29, 10.02
1175.15, 10.02
1157.65, 10.02
1197.42, 10.02
1214.57, 10.02
1201.24, 10.02
1233.97, 10.02
1149.38, 10.02
1107.66, 10.02
1156.64, 10.02
1212.59, 10.02
1156.52, 10.02
1326.29, 10.02
1222.29, 10.02
1169.37, 10.02
1243.56, 10.02
1262.49, 10.02
1184.25, 10.02
1184.53, 10.02
1180.21, 10.02
1232.58, 10.02
1184.89, 10.02
1134.35, 10.02
1181.74, 10.02
1219.98, 10.02
1140.55, 10.02
1168.16, 10.02
1167.77, 10.02
1225.07, 10.02
1148.54, 10.02
1137.71, 10.02
1185.41, 10.02
1198.97, 10.02
1173.57, 10.02
1199.93, 10.02
1178.11, 10.02
1222.31, 10.02
1151.68, 10.02
1201.13, 10.02
1187.62, 10.02
1179.58, 10.02
1161.93, 10.02
1128.34, 10.02
1156.36, 10.02
1168.44, 10.02
1152.51, 10.02
1238.49, 10.02
1225.27, 10.02
1182.58, 10.02
1130.26, 10.02
1226.29, 10.02
1141.63, 10.02
1165.45, 10.02
1183.41, 10.02
1194.70, 10.02
1196.11, 10.02
1168.83, 10.02
1186.29, 10.02
1202.21, 10.02
1147.55, 10.02
1132.62, 10.02
1250.39, 10.02
1286.65, 10.02
1140.96, 10.02
1244.87, 10.02
1174.24, 10.02
1116.72, 10.02
1213.78, 10.02
1267.15, 10.02
1213.23, 10.02
1177.01, 10.02
1181.97, 10.02
1531.06, 10.02
1244.48, 10.02
1184.93, 10.02
3522.69, 10.02
2129.28, 10.02
1125.90, 10.02
1129.97, 10.02
1165.26, 10.02
1210.34, 10.02
1262.94, 10.02
1202.93, 10.02
1180.71, 10.02
1174.23, 10.02
1227.43, 10.02
1196.11, 10.02
1169.97, 10.02
1100.68, 10.02
1121.37, 10.02
1225.63, 10.02
1205.15, 10.02
1144.23, 10.02
1111.16, 10.02
1187.34, 10.02
1183.25, 10.02
1227.44, 10.02
1099.27, 10.02
1247.21, 10.02
1145.11, 10.02
1190.35, 10.02
1189.94, 10.02
1192.72, 10.02
1203.77, 10.02
1217.81, 10.02
1237.21, 10.02
1179.04, 10.02
1272.35, 10.02
1223.67, 10.02
1148.79, 10.02
1173.52, 10.02
1200.95, 10.02
1209.19, 10.02
1184.18, 10.02
1363.70, 10.02
1274.39, 10.02
1228.30, 10.02
1175.45, 10.02
1262.72, 10.02
1178.67, 10.02
1261.23, 10.02
1285.00, 10.02
1204.79, 10.02
1182.98, 10.02
1264.27, 10.02
1198.08, 10.02
1201.88, 10.02
1104.86, 10.02
1369.47, 10.02
1908.91, 10.02
1559.05, 10.02
1616.77, 10.02
1698.99, 10.02
1246.73, 10.02
1203.89, 10.02
1234.81, 10.02
1250.23, 10.02
1175.95, 10.02
1218.16, 10.02
1326.18, 10.02
1244.84, 10.02
1228.67, 10.02
1192.85, 10.02
1243.52, 10.02
1369.53, 10.02
1193.46, 10.02
1234.72, 10.02
1192.61, 10.02
1207.58, 10.02
1191.30, 10.02
1327.26, 10.02
1233.85, 10.02
1245.48, 10.02
1243.15, 10.02
1244.07, 10.02
1258.12, 10.02
1262.69, 10.02
1268.28, 10.02
1249.14, 10.02
1214.06, 10.02
1204.24, 10.02
1170.09, 10.02
1154.00, 10.02
1221.84, 10.02
1254.69, 10.02
1161.60, 10.02
1229.02, 10.02
1207.12, 10.02
1256.87, 10.02
1310.19, 10.02
1167.21, 10.02
1196.22, 10.02
1211.50, 10.02
1317.89, 10.02
1181.89, 10.02
1250.48, 10.02
1170.62, 10.02
1309.49, 10.02
1184.45, 10.02
1294.81, 10.02
1280.66, 10.02
1348.43, 10.02
1216.61, 10.02
1278.78, 10.02
1350.15, 10.02
1249.21, 10.02
1262.27, 10.02
1239.93, 10.02
1358.42, 10.02
1210.49, 10.02
1317.13, 10.02
1627.70, 10.02
1728.19, 10.02
1430.80, 10.02
1177.26, 10.02
1265.89, 10.02
1375.69, 10.02
1316.06, 10.02
1586.27, 10.02
1465.09, 10.02
1254.85, 10.02
1469.49, 10.02
1409.18, 10.02
1351.55, 10.02
1278.64, 10.02
1207.03, 10.02
1310.73, 10.02
1326.16, 10.02
1551.14, 10.02
1320.67, 10.02
1418.21, 10.02
1365.96, 10.02
1380.59, 10.02
1337.10, 10.02
1292.10, 10.02
1192.15, 10.02
1271.08, 10.02
1136.51, 10.02
1304.70, 10.02
1409.12, 10.02
1308.85, 10.02
1307.02, 10.02
1362.59, 10.02
1429.58, 10.02
1558.11, 10.02
1264.62, 10.02
1298.58, 10.02
1400.18, 10.02
1385.26, 10.02
1239.45, 10.02
1300.50, 10.02
1200.22, 10.02
1367.94, 10.02
1366.90, 10.02
1252.56, 10.02
1316.66, 10.02
1295.92, 10.02
1371.52, 10.02
2096.30, 10.02
1299.33, 10.02
1312.10, 10.02
1315.47, 10.02
1337.13, 10.02
1400.90, 10.02
1484.16, 10.02
1267.64, 10.02
1549.86, 10.02
1329.71, 10.02
1394.67, 10.02
1462.91, 10.02
1616.31, 10.02
1275.12, 10.02
1278.62, 10.02
1215.19, 10.02
1286.98, 10.02
1353.89, 10.02
1403.04, 10.02
1347.69, 10.02
1610.68, 10.02
1745.53, 10.02
1313.29, 10.02
1322.69, 10.02
1380.28, 10.02
1315.80, 10.02
1268.76, 10.02
1232.82, 10.02
1324.38, 10.02
1395.62, 10.02
1421.36, 10.02
1369.36, 10.02
1295.11, 10.02
1285.10, 10.02
1283.91, 10.02
1419.08, 10.02
1303.94, 10.02
1313.49, 10.02
1260.85, 10.02
1272.62, 10.02
1277.89, 10.02
1269.67, 10.02
1339.93, 10.02
1289.14, 10.02
1344.29, 10.02
1303.36, 10.02
1430.02, 10.02
1277.44, 10.02
1268.26, 10.02
1534.90, 10.02
1473.34, 10.02
1362.76, 10.02
1193.74, 10.02
1320.09, 10.02
1224.61, 10.02
1359.68, 10.02
1200.99, 10.02
1172.70, 10.02
1411.19, 10.02
1503.20, 10.02
1343.27, 10.02
1181.06, 10.02
1181.37, 10.02
1274.39, 10.02
1247.39, 10.02
1430.09, 10.02
1288.45, 10.02
1310.65, 10.02
1565.80, 10.02
1622.08, 10.02
1442.54, 10.02
1186.01, 10.02
1318.85, 10.02
1186.33, 10.02
1302.57, 10.02
1202.30, 10.02
1230.49, 10.02
1251.80, 10.02
1222.69, 10.02
1202.80, 10.02
1409.56, 10.02
1331.50, 10.02
1239.43, 10.02
1379.64, 10.02
1355.09, 10.02
1324.71, 10.02
1281.45, 10.02
1663.06, 10.02
2053.79, 10.02
1632.13, 10.02
2042.93, 10.02
1444.26, 10.02
1649.23, 10.02
1333.71, 10.02
1463.13, 10.02
1293.07, 10.02
1339.40, 10.02
1392.91, 10.02
1260.28, 10.02
1258.48, 10.02
1384.33, 10.02
1316.32, 10.02
1373.74, 10.02
1330.10, 10.02
1334.61, 10.02
1394.36, 10.02
1759.39, 10.02
1730.20, 10.02
1333.86, 10.02
1439.72, 10.02
1529.92, 10.02
1319.96, 10.02
1347.98, 10.02
1410.89, 10.02
1187.12, 10.02
1416.80, 10.02
1439.30, 10.02
1281.62, 10.02
1394.93, 10.02
1576.53, 10.02
1514.82, 10.02
1305.05, 10.02
1203.01, 10.02
1429.31, 10.02
1402.79, 10.02
1566.74, 10.02
1625.53, 10.02
1461.05, 10.02
1395.08, 10.02
1348.78, 10.02
1471.66, 10.02
1581.36, 10.02
1372.64, 10.02
1307.30, 10.02
1260.06, 10.02
1393.53, 10.02
1329.74, 10.02
1325.13, 10.02
1261.26, 10.02
1225.20, 10.02
1713.69, 10.02
1279.23, 10.02
1429.91, 10.02
1264.77, 10.02
1531.68, 10.02
1496.57, 10.02
1290.15, 10.02
1433.07, 10.02
1554.17, 10.02
1583.88, 10.02
1188.92, 10.02
1212.52, 10.02
1315.30, 10.02
1235.30, 10.02
1224.40, 10.02
1156.29, 10.02
1153.06, 10.02
1317.78, 10.02
1307.97, 10.02
1252.43, 10.02
1327.99, 10.02
1386.15, 10.02
1198.77, 10.02
1219.58, 10.02
1113.28, 10.02
1203.12, 10.02
1211.35, 10.02
1105.12, 10.02
1229.36, 10.02
1209.71, 10.02
1297.00, 10.02
1222.21, 10.02
1210.84, 10.02
1143.50, 10.02
1134.63, 10.02
1125.62, 10.02
1238.50, 10.02
1211.23, 10.02
1155.96, 10.02
1247.25, 10.02
1173.26, 10.02
1211.31, 10.02
1551.41, 10.02
1679.77, 10.02
1303.61, 10.02
1222.03, 10.02
1215.08, 10.02
1230.88, 10.02
1440.85, 10.02
1283.17, 10.02
1245.67, 10.02
1185.18, 10.02
1323.31, 10.02
1175.49, 10.02
1197.17, 10.02
1207.70, 10.02
1216.39, 10.02
1163.35, 10.02
1285.56, 10.02
1253.49, 10.02
1208.22, 10.02
1530.38, 10.02
1533.64, 10.02
1382.73, 10.02
1134.71, 10.02
1191.79, 10.02
1206.47, 10.02
1190.06, 10.02
1241.96, 10.02
1229.99, 10.02
1159.62, 10.02
1285.49, 10.02
1226.18, 10.02
1250.80, 10.02
1180.79, 10.02
1214.83, 10.02
1297.46, 10.02
1215.30, 10.02
1214.14, 10.02
1247.12, 10.02
1369.08, 10.02
1584.70, 10.02
1482.93, 10.02
1280.11, 10.02
2642.17, 10.02
1188.37, 10.02
1211.26, 10.02
1076.45, 10.02
1155.70, 10.02
1245.62, 10.02
1173.10, 10.02
1181.19, 10.02
1229.89, 10.02
1171.09, 10.02
1201.02, 10.02
1164.37, 10.02
1283.49, 10.02
1259.28, 10.02
1157.96, 10.02
1187.66, 10.02
1158.72, 10.02
1154.33, 10.02
1219.61, 10.02
1232.51, 10.02
1166.36, 10.02
1206.58, 10.02
1170.31, 10.02
1178.26, 10.02
1271.72, 10.02
1225.79, 10.02
1208.79, 10.02
1248.81, 10.02
1216.26, 10.02
1218.20, 10.02
1146.17, 10.02
1214.96, 10.02
1207.48, 10.02
1233.15, 10.02
1236.72, 10.02
1904.70, 10.02
3607.23, 10.02
2086.47, 10.02
1266.00, 10.02
1199.03, 10.02
1164.83, 10.02
1175.69, 10.02
1221.95, 10.02
1244.04, 10.02
1167.99, 10.02
1174.92, 10.02
1180.05, 10.02
1193.12, 10.02
1259.13, 10.02
1295.59, 10.02
1329.54, 10.02
1228.12, 10.02
1200.76, 10.02
1204.94, 10.02
1257.90, 10.02
1483.44, 10.02
1574.76, 10.02
1607.04, 10.02
1227.35, 10.02
1233.99, 10.02
1268.31, 10.02
1243.82, 10.02
1306.11, 10.02
1268.31, 10.02
1281.45, 10.02
1158.46, 10.02
1220.11, 10.02
1183.63, 10.02
1192.03, 10.02
1218.62, 10.02
1092.46, 10.02
1171.03, 10.02
1241.41, 10.02
1341.56, 10.02
1651.61, 10.02
1539.11, 10.02
1424.35, 10.02
1276.99, 10.02
1197.17, 10.02
1162.61, 10.02
1246.33, 10.02
1198.99, 10.02
1330.07, 10.02
1303.67, 10.02
1292.44, 10.02
1346.08, 10.02
1193.45, 10.02
1333.54, 10.02
1381.78, 10.02
1294.16, 10.02
1352.02, 10.02
1264.02, 10.02
1396.96, 10.02
2302.59, 10.02
1874.65, 10.02
1643.39, 10.02
1830.26, 10.02
1590.43, 10.02
1431.07, 10.02
1378.07, 10.02
1297.05, 10.02
1380.18, 10.02
1273.55, 10.02
1177.34, 10.02
1211.05, 10.02
1263.14, 10.02
1184.14, 10.02
1286.94, 10.02
1325.68, 10.02
1231.70, 10.02
1188.41, 10.02
1531.56, 10.02
1637.31, 10.02
1599.94, 10.02
1260.33, 10.02
1347.21, 10.02
1307.24, 10.02
1265.48, 10.02
1296.70, 10.02
1205.38, 10.02
1281.03, 10.02
1254.12, 10.02
1222.85, 10.02
1241.04, 10.02
1193.33, 10.02
1212.87, 10.02
1254.46, 10.02
1184.03, 10.02
1227.07, 10.02
1250.34, 10.02
1357.20, 10.02
1585.55, 10.02
1530.40, 10.02
1271.46, 10.02
1259.67, 10.02
1190.78, 10.02
1229.86, 10.02
1259.76, 10.02
1183.72, 10.02
1335.56, 10.02
1370.83, 10.02
1358.79, 10.02
1445.98, 10.02
1533.70, 10.02
1435.82, 10.02
1356.25, 10.02
1383.58, 10.02
1316.19, 10.02
1844.00, 10.02
1610.98, 10.02
1410.35, 10.02
1362.52, 10.02
1232.79, 10.02
1348.60, 10.02
1462.65, 10.02
1393.62, 10.02
1452.09, 10.02
1264.49, 10.02
1673.52, 10.02
1192.85, 10.02
1351.30, 10.02
1350.74, 10.02
1292.01, 10.02
1323.83, 10.02
1334.33, 10.02
1348.92, 10.02
1371.54, 10.02
1374.28, 10.02
1342.95, 10.02
1252.98, 10.02
1277.84, 10.02
1246.56, 10.02
1468.94, 10.02
1392.73, 10.02
1425.94, 10.02
1389.06, 10.02
1631.33, 10.02
1482.09, 10.02
1341.03, 10.02
1439.97, 10.02
1183.53, 10.02
1253.90, 10.02
1304.09, 10.02
1347.71, 10.02
1310.60, 10.02
1801.41, 10.02
1601.09, 10.02
1300.12, 10.02
1252.14, 10.02
1326.09, 10.02
1314.35, 10.02
1224.34, 10.02
1307.91, 10.02
1300.59, 10.02
1721.30, 10.02
1281.08, 10.02
1266.54, 10.02
1251.29, 10.02
1257.23, 10.02
1164.20, 10.02
1181.50, 10.02
1239.62, 10.02
1202.98, 10.02
1295.46, 10.02
1417.62, 10.02
1299.99, 10.02
1315.11, 10.02
1219.05, 10.02
1185.89, 10.02
1246.11, 10.02
1458.37, 10.02
1462.55, 10.02
1356.46, 10.02
1307.30, 10.02
1323.38, 10.02
1346.12, 10.02
1276.88, 10.02
1334.39, 10.02
1495.92, 10.02
1308.58, 10.02
1315.25, 10.02
1266.26, 10.02
1200.07, 10.02
1882.70, 10.02
1703.77, 10.02
1354.92, 10.02
1245.80, 10.02
1263.93, 10.02
1191.26, 10.02
1272.07, 10.02
1184.32, 10.02
1212.30, 10.02
1259.95, 10.02
1347.54, 10.02
1412.57, 10.02
1308.20, 10.02
1499.11, 10.02
2092.08, 10.02
1589.54, 10.02
1434.82, 10.02
1690.87, 10.02
1548.29, 10.02
1831.90, 10.02
1916.73, 10.02
1813.47, 10.02
1524.88, 10.02
1630.11, 10.02
1417.99, 10.02
1415.28, 10.02
1321.19, 10.02
1392.41, 10.02
1406.50, 10.02
1536.98, 10.02
1519.22, 10.02
1332.04, 10.02
1799.03, 10.02
1284.26, 10.02
1333.44, 10.02
1566.96, 10.02
1478.02, 10.02
1260.33, 10.02
1351.26, 10.02
1604.92, 10.02
1243.49, 10.02
1261.13, 10.02
1425.51, 10.02
1378.40, 10.02
1223.35, 10.02
1379.22, 10.02
1278.38, 10.02
1213.59, 10.02
1229.61, 10.02
1278.93, 10.02
1256.64, 10.02
1307.84, 10.02
1238.19, 10.02
1240.91, 10.02
1212.45, 10.02
1269.17, 10.02
1645.62, 10.02
1313.72, 10.02
1401.13, 10.02
1755.47, 10.02
1371.41, 10.02
1439.09, 10.02
1274.57, 10.02
1354.40, 10.02
1276.05, 10.02
1226.66, 10.02
1328.00, 10.02
1391.69, 10.02
1228.52, 10.02
1268.15, 10.02
1444.87, 10.02
1262.66, 10.02
1441.19, 10.02
1470.26, 10.02
1238.51, 10.02
1223.92, 10.02
1249.76, 10.02
1055.30, 10.02
1202.49, 10.02
1167.94, 10.02
1204.43, 10.02
1163.77, 10.02
1193.42, 10.02
1340.35, 10.02
1207.37, 10.02
1166.02, 10.02
1248.88, 10.02
1144.63, 10.02
1215.60, 10.02
1101.49, 10.02
1119.79, 10.02
1187.07, 10.02
1461.55, 10.02
1531.01, 10.02
1406.40, 10.02
1207.90, 10.02
1276.17, 10.02
1215.86, 10.02
1296.41, 10.02
1233.57, 10.02
1067.07, 10.02
1260.37, 10.02
1261.92, 10.02
1306.47, 10.02
1332.57, 10.02
1265.75, 10.02
1234.81, 10.02
1368.13, 10.02
1271.66, 10.02
1204.09, 10.02
1422.29, 10.02
1257.47, 10.02
1293.00, 10.02
1170.33, 10.02
1186.36, 10.02
1200.69, 10.02
1264.14, 10.02
1291.69, 10.02
1553.50, 10.02
1268.18, 10.02
1189.71, 10.02
1203.95, 10.02
1321.27, 10.02
1382.07, 10.02
1228.17, 10.02
1180.39, 10.02
1222.39, 10.02
1259.67, 10.02
1242.46, 10.02
1230.89, 10.02
1197.75, 10.02
1264.88, 10.02
1211.04, 10.02
1201.21, 10.02
1192.60, 10.02
1169.15, 10.02
1197.26, 10.02
1162.48, 10.02
1402.72, 10.02
1652.49, 10.02
1426.04, 10.02
1220.45, 10.02
1192.70, 10.02
1179.08, 10.02
1193.55, 10.02
1200.17, 10.02
1173.63, 10.02
1176.51, 10.02
1446.03, 10.02
1764.57, 10.02
1453.99, 10.02
1616.26, 10.02
1639.02, 10.02
1891.87, 10.02
1556.16, 10.02
1270.03, 10.02
1684.48, 10.02
1786.42, 10.02
1779.19, 10.02
1713.94, 10.02
1449.03, 10.02
1476.52, 10.02
1294.05, 10.02
1275.36, 10.02
1109.09, 10.02
1162.01, 10.02
1410.92, 10.02
1601.24, 10.02
1513.87, 10.02
1280.82, 10.02
1101.23, 10.02
1253.70, 10.02
1260.32, 10.02
1266.02, 10.02
1224.71, 10.02
1271.61, 10.02
1187.68, 10.02
1266.17, 10.02
1237.77, 10.02
1263.13, 10.02
1248.34, 10.02
1293.30, 10.02
1259.17, 10.02
1253.12, 10.02
1427.05, 10.02
1180.09, 10.02
1743.78, 10.02
1744.60, 10.02
1298.13, 10.02
1211.14, 10.02
1265.93, 10.02
1104.39, 10.02
1105.35, 10.02
1168.61, 10.02
1178.58, 10.02
1356.65, 10.02
1342.30, 10.02
1250.69, 10.02
1312.69, 10.02
1393.49, 10.02
1580.07, 10.02
1327.74, 10.02
1283.28, 10.02
1275.66, 10.02
1388.11, 10.02
1718.74, 10.02
1749.48, 10.02
1253.81, 10.02
1274.64, 10.02
1306.34, 10.02
1299.27, 10.02
1235.88, 10.02
1237.92, 10.02
1313.82, 10.02
1115.96, 10.02
1283.43, 10.02
1193.85, 10.02
1256.82, 10.02
1283.64, 10.02
1312.54, 10.02
1382.40, 10.02
1311.89, 10.02
1459.02, 10.02
1252.85, 10.02
1678.36, 10.02
1684.97, 10.02
1590.17, 10.02
1310.96, 10.02
1281.55, 10.02
1447.36, 10.02
1232.38, 10.02
1254.73, 10.02
1214.92, 10.02
1194.78, 10.02
1216.18, 10.02
1197.80, 10.02
1291.97, 10.02
1217.54, 10.02
1306.15, 10.02
1280.47, 10.02
1246.30, 10.02
1328.77, 10.02
1269.94, 10.02
1639.57, 10.02
1634.85, 10.02
1457.13, 10.02
1192.32, 10.02
1216.02, 10.02
1331.98, 10.02
1301.22, 10.02
1274.31, 10.02
1148.05, 10.02
1218.23, 10.02
1227.96, 10.02
1274.76, 10.02
1409.30, 10.02
1217.57, 10.02
1335.97, 10.02
1350.02, 10.02
1173.99, 10.02
1326.72, 10.02
1321.19, 10.02
1467.76, 10.02
1698.90, 10.02
1395.79, 10.02
1236.59, 10.02
1275.21, 10.02
1186.39, 10.02
1187.96, 10.02
1332.67, 10.02
1238.59, 10.02
1366.99, 10.02
1216.76, 10.02
1277.35, 10.02
1180.10, 10.02
1292.04, 10.02
1262.91, 10.02
1286.98, 10.02
1651.20, 10.02
1388.43, 10.02
1384.25, 10.02
1523.80, 10.02
1468.57, 10.02
1250.07, 10.02
1295.39, 10.02
1217.61, 10.02
1387.66, 10.02
1579.65, 10.02
1503.18, 10.02
1394.54, 10.02
1349.60, 10.02
1380.10, 10.02
1343.02, 10.02
1366.82, 10.02
1274.79, 10.02
1243.59, 10.02
1240.59, 10.02
1356.89, 10.02
1246.17, 10.02
1678.93, 10.02
1853.30, 10.02
1548.01, 10.02
1288.10, 10.02
1299.80, 10.02
1232.19, 10.02
2194.87, 10.02
1630.96, 10.02
2386.60, 10.02
1524.01, 10.02
1836.02, 10.02
1793.54, 10.02
2125.18, 10.02
1853.79, 10.02
2110.14, 10.02
1775.38, 10.02
1556.36, 10.02
1947.45, 10.02
2223.92, 10.02
1958.47, 10.02
1711.09, 10.02
1599.17, 10.02
1640.52, 10.02
2406.47, 10.02
2162.28, 10.02
2150.99, 10.02
2150.34, 10.02
2087.53, 10.02
1966.15, 10.02
1687.08, 10.02
1566.17, 10.02
1509.10, 10.02
1783.82, 10.02
1782.91, 10.02
1391.59, 10.02
1415.86, 10.02
1500.67, 10.02
1914.81, 10.02
2786.61, 10.02
1344.50, 10.02
1435.06, 10.02
1449.71, 10.02
1518.12, 10.02
1732.69, 10.02
1520.18, 10.02
1563.24, 10.02
1501.06, 10.02
1628.57, 10.02
1340.01, 10.02
1446.39, 10.02
1533.17, 10.02
1738.38, 10.02
1539.69, 10.02
1334.95, 10.02
1409.46, 10.02
1169.39, 10.02
1201.31, 10.02
1213.29, 10.02
1422.79, 10.02
1704.20, 10.02
1364.75, 10.02
1270.41, 10.02
1284.15, 10.02
1192.06, 10.02
1256.96, 10.02
1316.17, 10.02
1362.77, 10.02
1398.89, 10.02
1275.81, 10.02
1215.89, 10.02
1885.54, 10.02
1676.72, 10.02
1263.15, 10.02
1258.16, 10.02
1098.35, 10.02
1109.66, 10.02
1229.49, 10.02
1356.16, 10.02
1222.49, 10.02
1196.08, 10.02
1259.39, 10.02
1202.67, 10.02
1324.77, 10.02
1227.47, 10.02
1380.77, 10.02
1223.66, 10.02
1300.48, 10.02
1347.86, 10.02
1438.89, 10.02
1846.43, 10.02
1245.17, 10.02
1208.99, 10.02
1163.82, 10.02
1249.13, 10.02
1257.19, 10.02
1306.35, 10.02
1347.80, 10.02
1286.07, 10.02
1211.88, 10.02
1166.55, 10.02
1170.37, 10.02
1403.86, 10.02
1216.04, 10.02
1183.96, 10.02
1223.96, 10.02
1264.87, 10.02
1170.28, 10.02
1263.46, 10.02
1687.88, 10.02
1549.68, 10.02
1246.51, 10.02
1473.72, 10.02
1489.01, 10.02
1209.87, 10.02
1305.93, 10.02
1313.61, 10.02
1229.74, 10.02
1239.17, 10.02
1236.55, 10.02
1181.55, 10.02
1178.61, 10.02
1170.21, 10.02
1165.68, 10.02
1317.39, 10.02
1236.52, 10.02
1299.00, 10.02
1253.91, 10.02
1657.03, 10.02
1620.83, 10.02
1481.94, 10.02
1174.51, 10.02
1219.32, 10.02
1276.52, 10.02
1255.70, 10.02
1263.21, 10.02
1218.92, 10.02
1252.22, 10.02
1300.00, 10.02
1292.61, 10.02
1209.44, 10.02
1275.74, 10.02
1277.96, 10.02
1223.16, 10.02
1277.81, 10.02
1222.53, 10.02
1200.04, 10.02
1188.07, 10.02
1631.23, 10.02
1807.66, 10.02
1318.33, 10.02
1229.22, 10.02
1252.13, 10.02
1298.16, 10.02
1403.41, 10.02
1262.54, 10.02
1230.16, 10.02
1636.78, 10.02
1421.56, 10.02
1199.84, 10.02
1227.59, 10.02
1203.72, 10.02
1201.09, 10.02
1305.35, 10.02
1195.43, 10.02
1236.60, 10.02
1251.25, 10.02
1322.93, 10.02
1378.08, 10.02
1228.00, 10.02
1199.85, 10.02
1295.89, 10.02
1143.41, 10.02
1198.00, 10.02
1204.33, 10.02
1191.08, 10.02
1271.30, 10.02
1159.76, 10.02
1224.76, 10.02
1207.37, 10.02
1198.83, 10.02
1222.44, 10.02
1237.71, 10.02
1256.42, 10.02
1354.55, 10.02
1220.70, 10.02
1206.72, 10.02
1196.32, 10.02
1222.45, 10.02
1160.89, 10.02
1226.84, 10.02
1202.11, 10.02
1257.35, 10.02
1276.78, 10.02
1394.24, 10.02
1208.40, 10.02
1223.71, 10.02
1232.00, 10.02
1369.07, 10.02
1259.82, 10.02
1191.51, 10.02
1341.89, 10.02
1209.74, 10.02
1192.89, 10.02
1239.92, 10.02
1656.39, 10.02
1734.90, 10.02
1384.28, 10.02
1277.83, 10.02
1249.03, 10.02
1423.38, 10.02
1329.21, 10.02
1229.38, 10.02
1197.90, 10.02
1247.64, 10.02
1307.64, 10.02
1399.94, 10.02
1208.38, 10.02
1257.84, 10.02
1159.31, 10.02
1300.71, 10.02
1266.80, 10.02
1283.97, 10.02
1127.91, 10.02
1383.20, 10.02
1553.56, 10.02
1709.33, 10.02
1231.88, 10.02
1192.56, 10.02
1206.10, 10.02
1238.37, 10.02
1273.25, 10.02
1376.51, 10.02
1304.25, 10.02
1215.62, 10.02
1267.33, 10.02
1362.70, 10.02
1272.31, 10.02
1163.69, 10.02
1250.79, 10.02
1245.80, 10.02
1295.60, 10.02
1314.08, 10.02
1561.97, 10.02
1688.08, 10.02
1812.30, 10.02
1333.12, 10.02
1238.29, 10.02
1247.83, 10.02
1161.81, 10.02
1303.12, 10.02
1235.88, 10.02
1236.05, 10.02
1266.61, 10.02
1227.02, 10.02
1277.85, 10.02
1158.73, 10.02
1193.62, 10.02
1230.93, 10.02
1307.27, 10.02
1243.34, 10.02
1253.49, 10.02
1341.40, 10.02
1609.52, 10.02
1512.21, 10.02
1524.88, 10.02
1187.95, 10.02
1193.34, 10.02
1203.87, 10.02
1147.61, 10.02
1259.97, 10.02
1379.48, 10.02
1361.35, 10.02
1329.07, 10.02
1237.04, 10.02
1299.51, 10.02
1301.28, 10.02
1160.88, 10.02
1237.26, 10.02
1177.84, 10.02
1178.92, 10.02
1335.50, 10.02
1708.75, 10.02
1713.32, 10.02
1465.84, 10.02
1198.28, 10.02
1236.11, 10.02
1308.01, 10.02
1217.37, 10.02
1243.10, 10.02
1193.85, 10.02
1218.19, 10.02
1205.57, 10.02
1157.64, 10.02
1226.27, 10.02
1274.06, 10.02
1247.97, 10.02
1172.07, 10.02
1147.82, 10.02
1269.34, 10.02
1193.02, 10.02
1209.19, 10.02
1183.20, 10.02
1222.07, 10.02
1241.79, 10.02
1301.48, 10.02
1322.29, 10.02
1286.29, 10.02
1178.56, 10.02
1196.16, 10.02
1352.22, 10.02
1218.31, 10.02
1226.24, 10.02
1204.05, 10.02
1263.14, 10.02
1171.04, 10.02
1257.49, 10.02
1411.30, 10.02
1356.30, 10.02
1300.76, 10.02
1465.19, 10.02
1419.72, 10.02
1119.97, 10.02
1220.52, 10.02
1228.41, 10.02
1260.02, 10.02
1337.09, 10.02
1233.32, 10.02
1204.95, 10.02
1205.01, 10.02
1188.58, 10.02
1205.85, 10.02
1234.95, 10.02
1115.20, 10.02
1189.39, 10.02
1390.30, 10.02
1226.47, 10.02
1193.16, 10.02
1167.38, 10.02
1180.98, 10.02
1569.02, 10.02
1847.77, 10.02
1286.17, 10.02
1182.93, 10.02
1179.68, 10.02
1163.56, 10.02
1188.08, 10.02
1255.92, 10.02
1215.74, 10.02
1242.34, 10.02
1203.02, 10.02
1302.22, 10.02
1464.22, 10.02
1202.71, 10.02
1259.83, 10.02
1229.49, 10.02
1230.25, 10.02
1364.03, 10.02
1342.43, 10.02
1379.54, 10.02
1446.04, 10.02
1853.77, 10.02
1403.95, 10.02
1309.51, 10.02
1226.89, 10.02
1203.02, 10.02
1268.81, 10.02
1234.21, 10.02
1207.73, 10.02
1207.80, 10.02
1453.78, 10.02
2020.82, 10.02
1626.60, 10.02
1482.05, 10.02
1774.38, 10.02
1453.26, 10.02
1522.16, 10.02
1500.07, 10.02
1437.22, 10.02
1219.91, 10.02
1257.81, 10.02
1233.17, 10.02
1207.53, 10.02
1301.75, 10.02
1240.06, 10.02
1223.82, 10.02
1188.12, 10.02
1167.54, 10.02
1233.54, 10.02
1233.13, 10.02
1331.28, 10.02
1203.53, 10.02
1301.34, 10.02
1255.35, 10.02
1271.98, 10.02
1229.12, 10.02
1392.64, 10.02
1595.97, 10.02
1237.69, 10.02
1279.11, 10.02
1267.02, 10.02
1243.91, 10.02
1272.32, 10.02
1250.90, 10.02
1113.47, 10.02
1113.56, 10.02
1241.52, 10.02
1424.58, 10.02
1182.69, 10.02
1205.13, 10.02
1329.60, 10.02
1308.55, 10.02
1265.58, 10.02
1066.90, 10.02
1160.62, 10.02
1144.18, 10.02
1523.00, 10.02
1370.79, 10.02
1218.29, 10.02
1270.76, 10.02
1300.04, 10.02
1278.52, 10.02
1247.41, 10.02
1218.08, 10.02
1354.51, 10.02
1311.41, 10.02
1198.41, 10.02
1300.46, 10.02
1403.18, 10.02
1208.22, 10.02
1224.65, 10.02
1167.57, 10.02
1198.35, 10.02
1421.52, 10.02
1201.43, 10.02
1425.32, 10.02
1475.14, 10.02
1348.46, 10.02
1225.92, 10.02
1262.86, 10.02
1342.92, 10.02
1193.16, 10.02
1133.83, 10.02
1146.84, 10.02
1245.27, 10.02
1321.73, 10.02
1325.91, 10.02
1323.47, 10.02
1317.20, 10.02
1278.20, 10.02
1249.63, 10.02
1201.91, 10.02
1197.36, 10.02
1232.98, 10.02
1293.98, 10.02
2123.27, 10.02
1652.21, 10.02
1476.22, 10.02
1530.83, 10.02
1473.27, 10.02
1617.13, 10.02
1327.30, 10.02
1622.58, 10.02
1453.03, 10.02
1467.36, 10.02
1391.50, 10.02
1386.13, 10.02
1284.27, 10.02
1376.78, 10.02
1223.58, 10.02
1250.27, 10.02
1291.86, 10.02
1305.46, 10.02
1222.53, 10.02
1188.79, 10.02
1202.15, 10.02
1226.23, 10.02
1221.14, 10.02
1204.16, 10.02
1263.73, 10.02
1187.04, 10.02
1209.61, 10.02
1276.13, 10.02
1227.03, 10.02
1228.41, 10.02
1260.89, 10.02
1238.16, 10.02
1363.83, 10.02
1150.58, 10.02
1198.55, 10.02
1167.89, 10.02
1139.46, 10.02
1221.75, 10.02
1281.80, 10.02
1202.72, 10.02
1243.59, 10.02
1204.82, 10.02
1272.42, 10.02
1245.71, 10.02
1199.56, 10.02
1186.00, 10.02
1256.82, 10.02
1174.06, 10.02
1216.63, 10.02
1185.26, 10.02
1295.59, 10.02
1250.46, 10.02
1140.21, 10.02
1206.73, 10.02
1162.61, 10.02
1250.23, 10.02
1218.13, 10.02
1244.92, 10.02
1143.95, 10.02
1219.66, 10.02
1172.50, 10.02
1205.92, 10.02
1363.60, 10.02
1266.10, 10.02
1342.36, 10.02
1163.50, 10.02
1253.59, 10.02
1483.81, 10.02
1213.82, 10.02
1184.02, 10.02
1232.97, 10.02
1371.52, 10.02
1377.95, 10.02
1286.38, 10.02
1282.02, 10.02
1454.49, 10.02
1489.04, 10.02
1091.70, 10.02
1147.91, 10.02
1234.42, 10.02
1177.66, 10.02
1262.31, 10.02
1187.05, 10.02
1209.91, 10.02
1221.98, 10.02
1212.16, 10.02
1217.28, 10.02
1231.47, 10.02
1450.81, 10.02
1382.55, 10.02
1334.64, 10.02
1196.18, 10.02
1451.79, 10.02
1268.53, 10.02
1400.28, 10.02
1531.97, 10.02
1356.12, 10.02
1231.90, 10.02
1222.32, 10.02
1198.98, 10.02
1250.01, 10.02
1248.34, 10.02
1232.85, 10.02
1223.07, 10.02
1250.07, 10.02
1173.39, 10.02
1216.95, 10.02
1224.45, 10.02
1170.67, 10.02
1220.08, 10.02
1287.43, 10.02
1190.26, 10.02
1185.03, 10.02
1267.51, 10.02
1608.24, 10.02
1361.24, 10.02
1246.72, 10.02
1278.07, 10.02
1257.28, 10.02
1204.10, 10.02
1176.22, 10.02
1257.60, 10.02
1242.85, 10.02
1182.07, 10.02
1512.06, 10.02
1233.70, 10.02
1281.92, 10.02
1313.05, 10.02
1248.71, 10.02
1232.43, 10.02
1258.80, 10.02
1422.68, 10.02
1403.00, 10.02
1536.75, 10.02
1553.30, 10.02
1261.41, 10.02
1217.10, 10.02
1156.48, 10.02
1235.25, 10.02
2081.82, 10.02
1435.37, 10.02
1507.97, 10.02
5996.06, 10.02
9922.09, 10.02
1406.52, 10.02
1188.57, 10.02
1197.50, 10.02
1225.29, 10.02
1238.68, 10.02
1232.04, 10.02
1136.64, 10.02
1609.12, 10.02
1361.83, 10.02
1358.77, 10.02
1302.78, 10.02
1087.17, 10.02
1195.75, 10.02
1276.41, 10.02
1273.26, 10.02
1351.98, 10.02
1235.66, 10.02
1268.99, 10.02
1265.89, 10.02
1186.71, 10.02
1272.82, 10.02
1177.28, 10.02
1151.61, 10.02
1257.44, 10.02
1280.85, 10.02
1137.51, 10.02
1241.97, 10.02
1418.00, 10.02
1447.70, 10.02
1291.72, 10.02
1198.27, 10.02
1221.94, 10.02
1191.43, 10.02
1220.17, 10.02
1260.82, 10.02
1240.84, 10.02
1328.40, 10.02
1263.84, 10.02
1194.04, 10.02
1241.90, 10.02
1242.04, 10.02
1255.53, 10.02
1277.07, 10.02
1272.34, 10.02
1209.66, 10.02
1269.76, 10.02
1528.60, 10.02
1295.63, 10.02
1324.88, 10.02
1298.99, 10.02
1208.65, 10.02
1285.43, 10.02
1224.95, 10.02
1295.43, 10.02
1233.32, 10.02
1290.40, 10.02
1620.65, 10.02
1878.97, 10.02
1541.20, 10.02
1660.03, 10.02
1579.24, 10.02
1454.65, 10.02
1582.00, 10.02
1557.33, 10.02
1663.25, 10.02
1599.47, 10.02
1278.52, 10.02
1328.68, 10.02
1284.88, 10.02
1443.23, 10.02
1644.66, 10.02
1420.05, 10.02
1437.63, 10.02
1484.57, 10.02
1326.29, 10.02
1337.00, 10.02
1326.29, 10.02
1342.24, 10.02
1371.52, 10.02
1294.06, 10.02
1391.13, 10.02
1345.35, 10.02
1263.65, 10.02
1550.36, 10.02
1507.98, 10.02
1384.14, 10.02
1435.63, 10.02
1358.24, 10.02
1278.10, 10.02
1423.18, 10.02
1373.29, 10.02
1414.81, 10.02
1475.45, 10.02
1409.62, 10.02
1284.88, 10.02
1294.66, 10.02
1392.38, 10.02
1429.76, 10.02
1449.76, 10.02
1269.03, 10.02
1273.99, 10.02
1546.58, 10.02
1496.16, 10.02
1501.41, 10.02
1596.60, 10.02
1341.26, 10.02
1373.74, 10.02
1309.10, 10.02
1414.15, 10.02
1432.00, 10.02
1350.95, 10.02
1219.88, 10.02
1463.52, 10.02
1512.96, 10.02
1326.61, 10.02
1263.33, 10.02
1539.01, 10.02
1922.25, 10.02
1602.96, 10.02
2072.09, 10.02
1656.03, 10.02
1669.27, 10.02
1775.42, 10.02
2455.06, 10.02
1336.97, 10.02
1291.64, 10.02
1286.60, 10.02
1681.26, 10.02
1395.88, 10.02
1397.81, 10.02
1292.30, 10.02
1325.42, 10.02
1284.74, 10.02
1308.16, 10.02
1408.24, 10.02
1355.32, 10.02
2657.19, 10.02
1686.47, 10.02
1291.15, 10.02
1655.56, 10.02
1390.86, 10.02
1211.56, 10.02
3598.11, 10.02
6003.51, 10.02
6427.18, 10.02
1896.41, 10.02
1250.42, 10.02
1258.30, 10.02
1246.81, 10.02
1247.10, 10.02
1180.92, 10.02
1331.87, 10.02
1499.77, 10.02
1624.59, 10.02
1492.18, 10.02
1589.47, 10.02
1301.28, 10.02
1543.44, 10.02
1709.24, 10.02
1467.86, 10.02
1422.94, 10.02
1434.43, 10.02
1454.11, 10.02
1471.50, 10.02
1468.41, 10.02
1562.32, 10.02
1481.97, 10.02
1444.06, 10.02
1521.81, 10.02
1388.17, 10.02
1301.49, 10.02
1479.85, 10.02
1712.96, 10.02
1456.73, 10.02
1601.47, 10.02
1602.31, 10.02
2019.86, 10.02
1974.99, 10.02
1661.83, 10.02
1657.63, 10.02
1542.90, 10.02
1698.90, 10.02
1507.86, 10.02
1479.78, 10.02
1622.35, 10.02
1121.52, 10.02
1139.30, 10.02
1241.07, 10.02
1165.34, 10.02
1187.22, 10.02
1277.08, 10.02
1266.58, 10.02
1170.39, 10.02
1242.28, 10.02
1219.26, 10.02
1237.43, 10.02
1529.22, 10.02
1255.02, 10.02
1301.85, 10.02
1288.17, 10.02
1222.84, 10.02
1308.96, 10.02
1304.06, 10.02
1185.33, 10.02
1182.47, 10.02
1334.16, 10.02
1274.53, 10.02
1269.53, 10.02
1372.43, 10.02
1087.82, 10.02
1177.24, 10.02
1223.62, 10.02
1215.97, 10.02
1269.53, 10.02
1295.85, 10.02
1631.56, 10.02
1349.81, 10.02
1292.37, 10.02
1752.60, 10.02
1727.49, 10.02
1525.25, 10.02
1710.71, 10.02
1643.40, 10.02
1640.21, 10.02
1410.20, 10.02
1319.07, 10.02
1439.56, 10.02
1259.74, 10.02
1278.52, 10.02
1358.14, 10.02
1316.80, 10.02
1257.11, 10.02
1272.02, 10.02
1511.49, 10.02
1433.18, 10.02
1240.58, 10.02
1217.28, 10.02
1248.46, 10.02
1213.72, 10.02
1298.91, 10.02
1219.42, 10.02
1208.33, 10.02
1194.31, 10.02
1181.79, 10.02
1202.06, 10.02
1381.59, 10.02
1197.04, 10.02
1239.15, 10.02
1243.36, 10.02
1203.44, 10.02
1277.25, 10.02
1211.21, 10.02
1363.79, 10.02
1265.91, 10.02
1238.81, 10.02
1235.43, 10.02
1252.26, 10.02
1240.07, 10.02
1208.17, 10.02
1232.48, 10.02
1231.72, 10.02
1275.04, 10.02
1208.17, 10.02
1212.07, 10.02
1214.65, 10.02
1199.81, 10.02
1208.43, 10.02
1198.81, 10.02
1281.96, 10.02
1206.35, 10.02
1205.60, 10.02
1223.20, 10.02
1482.52, 10.02
1363.66, 10.02
1328.39, 10.02
1230.34, 10.02
1193.21, 10.02
1281.84, 10.02
1251.88, 10.02
1299.95, 10.02
1076.06, 10.02
1262.73, 10.02
1394.58, 10.02
1295.75, 10.02
1182.88, 10.02
1247.96, 10.02
1215.52, 10.02
1260.38, 10.02
1241.82, 10.02
1263.74, 10.02
1241.12, 10.02
1433.16, 10.02
1723.69, 10.02
1236.84, 10.02
1186.55, 10.02
1300.10, 10.02
1263.95, 10.02
1210.34, 10.02
1320.90, 10.02
1188.07, 10.02
1317.93, 10.02
1293.56, 10.02
1248.63, 10.02
1194.96, 10.02
1169.01, 10.02
1258.42, 10.02
1252.67, 10.02
1235.93, 10.02
1253.68, 10.02
1192.67, 10.02
1267.65, 10.02
1490.26, 10.02
1242.61, 10.02
1297.20, 10.02
1268.78, 10.02
1193.74, 10.02
1873.70, 10.02
1351.47, 10.02
1791.26, 10.02
1518.00, 10.02
1409.95, 10.02
1414.32, 10.02
1463.51, 10.02
1177.79, 10.02
1241.37, 10.02
1278.71, 10.02
1208.24, 10.02
1647.09, 10.02
1492.74, 10.02
1501.38, 10.02
1553.91, 10.02
1284.78, 10.02
1294.73, 10.02
1760.32, 10.02
1549.11, 10.02
1461.73, 10.02
1488.91, 10.02
1494.07, 10.02
1427.16, 10.02
2455.99, 10.02
2838.24, 10.02
1547.21, 10.02
1410.73, 10.02
1205.47, 10.02
1277.10, 10.02
1259.03, 10.02
1196.27, 10.02
1185.76, 10.02
1414.11, 10.02
1310.77, 10.02
1257.93, 10.02
1281.36, 10.02
1194.30, 10.02
1607.16, 10.02
1250.19, 10.02
1481.72, 10.02
1326.14, 10.02
1433.39, 10.02
1286.41, 10.02
1161.54, 10.02
1185.82, 10.02
1218.94, 10.02
1321.62, 10.02
1281.93, 10.02
1248.23, 10.02
1234.83, 10.02
1286.63, 10.02
1298.34, 10.02
1407.00, 10.02
1191.27, 10.02
1210.44, 10.02
1244.54, 10.02
1292.74, 10.02
1217.97, 10.02
1202.00, 10.02
1302.84, 10.02
1259.07, 10.02
1265.70, 10.02
1217.33, 10.02
1257.08, 10.02
1244.11, 10.02
1173.66, 10.02
1459.44, 10.02
1257.79, 10.02
1250.31, 10.02
1279.33, 10.02
1254.24, 10.02
1444.47, 10.02
1231.25, 10.02
1428.07, 10.02
1288.59, 10.02
1725.24, 10.02
1272.46, 10.02
1438.10, 10.02
1745.37, 10.02
1427.14, 10.02
1277.73, 10.02
1288.14, 10.02
1209.74, 10.02
1211.88, 10.02
1211.73, 10.02
1324.33, 10.02
1274.52, 10.02
1229.28, 10.02
1279.76, 10.02
1308.36, 10.02
1553.22, 10.02
1200.96, 10.02
1217.51, 10.02
2045.88, 10.02
2432.50, 10.02
1264.91, 10.02
1195.68, 10.02
1184.00, 10.02
1238.32, 10.02
1188.17, 10.02
1093.42, 10.02
1223.79, 10.02
1210.51, 10.02
1174.40, 10.02
1156.16, 10.02
1209.68, 10.02
1183.50, 10.02
1266.81, 10.02
1211.95, 10.02
1452.55, 10.02
1364.67, 10.02
1255.46, 10.02
1189.50, 10.02
1274.18, 10.02
1269.57, 10.02
1433.04, 10.02
1258.58, 10.02
1184.31, 10.02
1208.98, 10.02
1272.60, 10.02
1202.68, 10.02
1291.79, 10.02
1299.80, 10.02
1431.47, 10.02
1301.51, 10.02
1303.15, 10.02
1235.11, 10.02
1278.02, 10.02
1229.59, 10.02
1280.47, 10.02
1209.70, 10.02
1250.59, 10.02
1300.15, 10.02
1208.28, 10.02
1232.33, 10.02
1314.75, 10.02
1287.32, 10.02
1304.76, 10.02
1260.11, 10.02
1200.10, 10.02
1313.54, 10.02
1323.83, 10.02
1257.65, 10.02
1366.99, 10.02
1203.83, 10.02
1265.80, 10.02
1285.17, 10.02
1336.32, 10.02
1300.78, 10.02
1243.34, 10.02
1335.48, 10.02
1426.49, 10.02
1657.96, 10.02
1371.76, 10.02
1639.16, 10.02
1323.18, 10.02
1484.23, 10.02
1264.55, 10.02
1188.97, 10.02
1268.19, 10.02
1204.22, 10.02
1382.51, 10.02
2036.71, 10.02
1489.19, 10.02
1636.24, 10.02
1715.65, 10.02
1537.32, 10.02
2025.72, 10.02
1567.82, 10.02
1366.73, 10.02
1407.06, 10.02
1645.35, 10.02
1340.20, 10.02
1343.84, 10.02
1267.31, 10.02
1270.90, 10.02
1418.55, 10.02
1196.77, 10.02
1224.65, 10.02
1287.62, 10.02
1280.43, 10.02
1176.62, 10.02
1195.39, 10.02
1098.08, 10.02
1330.39, 10.02
1274.24, 10.02
1205.92, 10.02
1266.82, 10.02
1365.62, 10.02
1343.99, 10.02
1224.51, 10.02
1282.63, 10.02
1642.17, 10.02
1548.71, 10.02
1454.66, 10.02
2963.50, 10.02
2746.80, 10.02
1581.30, 10.02
1428.31, 10.02
1348.39, 10.02
1422.56, 10.02
1443.43, 10.02
1540.90, 10.02
1682.10, 10.02
1397.80, 10.02
1467.79, 10.02
1197.53, 10.02
1175.25, 10.02
1234.78, 10.02
1180.83, 10.02
1258.85, 10.02
1201.65, 10.02
1176.15, 10.02
1177.47, 10.02
1189.27, 10.02
1272.62, 10.02
1136.66, 10.02
1203.28, 10.02
1365.95, 10.02
1216.92, 10.02
1228.47, 10.02
1220.16, 10.02
1312.05, 10.02
1177.91, 10.02
1190.41, 10.02
1197.13, 10.02
1152.53, 10.02
1240.67, 10.02
5599.07, 10.02
1275.08, 10.02
1178.74, 10.02
1219.66, 10.02
1191.85, 10.02
1135.86, 10.02
1241.07, 10.02
1223.56, 10.02
1261.03, 10.02
1164.18, 10.02
1212.42, 10.02
1214.78, 10.02
1202.29, 10.02
1186.44, 10.02
1255.86, 10.02
1219.42, 10.02
1190.11, 10.02
1168.15, 10.02
1191.23, 10.02
1147.80, 10.02
1231.35, 10.02
1174.13, 10.02
1224.69, 10.02
1142.99, 10.02
1170.28, 10.02
1295.14, 10.02
1185.26, 10.02
1627.93, 10.02
1210.84, 10.02
1183.03, 10.02
1218.56, 10.02
1197.75, 10.02
1235.01, 10.02
1219.91, 10.02
1212.86, 10.02
1162.89, 10.02
1183.42, 10.02
1191.58, 10.02
1131.03, 10.02
1212.01, 10.02
1250.70, 10.02
1198.14, 10.02
1242.49, 10.02
1240.03, 10.02
1200.46, 10.02
1200.27, 10.02
1198.32, 10.02
1177.29, 10.02
1147.32, 10.02
1217.06, 10.02
1165.01, 10.02
1197.73, 10.02
1202.16, 10.02
1217.68, 10.02
1262.35, 10.02
1218.12, 10.02
1197.18, 10.02
1172.41, 10.02
1215.60, 10.02
1339.73, 10.02
1203.17, 10.02
1508.03, 10.02
1280.44, 10.02
1151.19, 10.02
1194.90, 10.02
1240.72, 10.02
1167.20, 10.02
1309.79, 10.02
1283.00, 10.02
1303.72, 10.02
1519.07, 10.02
1618.65, 10.02
1515.81, 10.02
1298.15, 10.02
1222.26, 10.02
1206.41, 10.02
1370.58, 10.02
1231.36, 10.02
1321.33, 10.02
1432.21, 10.02
1298.68, 10.02
1450.02, 10.02
1323.36, 10.02
1428.53, 10.02
1223.98, 10.02
1196.37, 10.02
1272.46, 10.02
1195.71, 10.02
1204.11, 10.02
1266.53, 10.02
1206.99, 10.02
1243.31, 10.02
1205.62, 10.02
1180.29, 10.02
1224.19, 10.02
1347.79, 10.02
1250.03, 10.02
1379.22, 10.02
1299.20, 10.02
1356.29, 10.02
1239.74, 10.02
1278.36, 10.02
1273.23, 10.02
1224.92, 10.02
1227.13, 10.02
1215.12, 10.02
1264.52, 10.02
1171.01, 10.02
1215.11, 10.02
1202.43, 10.02
1240.28, 10.02
1254.32, 10.02
1256.05, 10.02
1275.13, 10.02
1256.34, 10.02
1248.87, 10.02
1256.85, 10.02
1143.86, 10.02
1302.03, 10.02
1388.61, 10.02
1353.66, 10.02
1297.07, 10.02
1299.01, 10.02
1156.76, 10.02
1121.58, 10.02
1264.80, 10.02
1267.56, 10.02
1208.64, 10.02
1208.08, 10.02
1196.46, 10.02
1143.17, 10.02
1286.44, 10.02
1274.52, 10.02
1248.35, 10.02
1331.05, 10.02
1207.58, 10.02
1494.88, 10.02
1268.07, 10.02
1232.39, 10.02
1247.57, 10.02
1295.58, 10.02
1277.85, 10.02
1360.15, 10.02
1351.82, 10.02
1224.73, 10.02
1235.48, 10.02
1164.05, 10.02
1313.96, 10.02
1481.11, 10.02
1268.12, 10.02
1341.33, 10.02
1294.11, 10.02
1359.03, 10.02
1245.21, 10.02
1240.83, 10.02
1411.88, 10.02
1332.43, 10.02
1432.16, 10.02
1327.14, 10.02
1328.41, 10.02
1255.37, 10.02
1290.25, 10.02
1210.85, 10.02
1193.46, 10.02
1228.19, 10.02
1280.26, 10.02
1168.60, 10.02
1127.85, 10.02
1306.50, 10.02
1268.96, 10.02
1280.17, 10.02
1250.79, 10.02
1310.52, 10.02
1337.47, 10.02
1298.12, 10.02
1240.15, 10.02
1350.94, 10.02
1301.29, 10.02
1314.50, 10.02
1280.55, 10.02
1357.64, 10.02
1275.06, 10.02
1329.75, 10.02
1282.02, 10.02
2401.74, 10.02
1840.35, 10.02
1644.13, 10.02
1378.32, 10.02
1627.01, 10.02
1487.54, 10.02
1413.67, 10.02
1372.92, 10.02
1540.89, 10.02
1604.93, 10.02
1255.01, 10.02
1227.85, 10.02
1274.20, 10.02
1370.51, 10.02
1356.81, 10.02
2551.15, 10.02
1295.31, 10.02
1486.84, 10.02
1328.43, 10.02
1361.44, 10.02
1355.57, 10.02
1411.85, 10.02
1451.29, 10.02
1347.96, 10.02
1354.21, 10.02
1437.16, 10.02
1734.25, 10.02
1814.68, 10.02
1720.14, 10.02
1930.83, 10.02
1613.81, 10.02
1651.81, 10.02
1582.62, 10.02
2384.47, 10.02
1838.01, 10.02
1638.87, 10.02
2158.25, 10.02
2518.60, 10.02
2111.94, 10.02
1556.53, 10.02
1290.47, 10.02
1542.93, 10.02
1546.15, 10.02
1323.95, 10.02
1168.94, 10.02
1426.75, 10.02
1500.45, 10.02
1298.83, 10.02
1259.47, 10.02
1524.37, 10.02
1293.24, 10.02
1250.97, 10.02
1510.47, 10.02
1401.56, 10.02
1253.87, 10.02
1399.25, 10.02
1428.40, 10.02
1361.84, 10.02
1399.79, 10.02
1263.72, 10.02
1297.83, 10.02
1439.44, 10.02
1246.93, 10.02
1241.17, 10.02
1258.65, 10.02
1312.69, 10.02
1340.01, 10.02
1283.58, 10.02
1272.07, 10.02
1404.04, 10.02
1383.76, 10.02
2364.81, 10.02
1430.59, 10.02
1310.53, 10.02
1201.07, 10.02
1282.44, 10.02
1361.23, 10.02
1604.84, 10.02
1697.25, 10.02
1702.15, 10.02
1814.30, 10.02
1414.72, 10.02
1573.62, 10.02
1291.76, 10.02
1256.56, 10.02
1360.45, 10.02
1256.22, 10.02
1241.99, 10.02
1331.89, 10.02
1248.69, 10.02
1220.29, 10.02
1311.01, 10.02
1190.50, 10.02
1152.52, 10.02
1220.35, 10.02
1176.76, 10.02
1294.84, 10.02
1209.86, 10.02
1231.10, 10.02
1296.37, 10.02
1464.21, 10.02
1186.94, 10.02
1225.26, 10.02
1366.21, 10.02
1296.25, 10.02
1222.61, 10.02
1296.44, 10.02
1490.07, 10.02
1429.91, 10.02
1464.90, 10.02
1492.76, 10.02
1714.55, 10.02
1602.37, 10.02
1379.60, 10.02
1541.33, 10.02
1421.18, 10.02
1647.85, 10.02
1432.85, 10.02
1446.74, 10.02
1455.35, 10.02
1348.74, 10.02
1886.77, 10.02
1311.65, 10.02
1346.38, 10.02
1448.47, 10.02
1483.95, 10.02
1397.84, 10.02
1353.97, 10.02
1493.32, 10.02
1633.51, 10.02
1520.16, 10.02
1407.50, 10.02
1476.18, 10.02
1527.30, 10.02
1462.64, 10.02
1559.08, 10.02
1535.63, 10.02
1626.67, 10.02
1494.62, 10.02
1709.40, 10.02
1467.69, 10.02
1306.19, 10.02
1263.27, 10.02
1490.33, 10.02
1770.12, 10.02
1484.80, 10.02
1299.06, 10.02
1647.17, 10.02
1531.76, 10.02
1215.45, 10.02
1336.98, 10.02
1555.49, 10.02
1957.34, 10.02
1381.71, 10.02
1273.20, 10.02
1338.61, 10.02
1398.85, 10.02
1392.85, 10.02
1409.40, 10.02
1394.30, 10.02
1385.84, 10.02
1471.00, 10.02
1291.72, 10.02
1201.06, 10.02
1180.14, 10.02
1399.91, 10.02
1564.92, 10.02
1294.15, 10.02
1252.73, 10.02
1377.22, 10.02
1577.19, 10.02
1341.27, 10.02
1364.90, 10.02
1339.80, 10.02
1250.38, 10.02
1244.61, 10.02
1187.71, 10.02
1099.11, 10.02
1113.90, 10.02
1367.70, 10.02
1373.42, 10.02
1279.19, 10.02
1282.48, 10.02
1288.32, 10.02
1173.15, 10.02
1282.14, 10.02
1204.73, 10.02
1322.67, 10.02
1173.17, 10.02
1313.63, 10.02
1218.83, 10.02
1133.11, 10.02
1193.28, 10.02
1277.03, 10.02
1296.16, 10.02
1207.07, 10.02
1208.29, 10.02
1208.64, 10.02
1216.55, 10.02
1310.59, 10.02
1313.61, 10.02
1292.16, 10.02
1223.59, 10.02
1244.37, 10.02
1186.87, 10.02
1242.80, 10.02
1191.51, 10.02
1444.72, 10.02
1247.89, 10.02
1283.18, 10.02
1303.25, 10.02
1215.41, 10.02
1183.33, 10.02
1202.08, 10.02
1209.62, 10.02
1318.41, 10.02
1278.76, 10.02
1257.15, 10.02
1231.54, 10.02
1220.84, 10.02
1188.40, 10.02
1330.93, 10.02
1338.75, 10.02
1352.23, 10.02
1330.70, 10.02
1266.61, 10.02
1259.17, 10.02
1262.52, 10.02
1405.87, 10.02
1338.23, 10.02
1296.92, 10.02
1220.40, 10.02
1401.90, 10.02
1208.70, 10.02
1152.49, 10.02
1244.76, 10.02
1252.61, 10.02
1389.88, 10.02
1149.35, 10.02
1106.78, 10.02
1217.67, 10.02
1190.95, 10.02
1254.56, 10.02
1219.84, 10.02
1293.27, 10.02
1327.82, 10.02
1449.90, 10.02
1236.15, 10.02
1225.29, 10.02
1226.38, 10.02
1209.82, 10.02
1216.87, 10.02
1187.97, 10.02
1229.23, 10.02
1211.18, 10.02
1224.23, 10.02
1302.56, 10.02
1801.50, 10.02
1296.80, 10.02
