180.09, 120.23
190.30, 120.23
193.81, 120.23
188.85, 120.23
262.96, 120.23
291.06, 120.23
354.51, 120.23
228.40, 120.23
253.24, 120.23
212.45, 120.23
270.80, 120.23
261.38, 120.23
207.84, 120.23
206.14, 120.23
198.86, 120.23
218.89, 120.23
198.13, 120.23
199.16, 120.23
317.20, 120.23
212.71, 120.23
193.60, 120.23
212.64, 120.23
235.52, 120.23
258.86, 120.23
224.73, 120.23
312.65, 120.23
262.46, 120.23
205.77, 120.23
206.41, 120.23
212.66, 120.23
206.87, 120.23
203.86, 120.23
214.14, 120.23
210.20, 120.23
214.58, 120.23
222.58, 120.23
238.56, 120.23
234.62, 120.23
231.68, 120.23
232.10, 120.23
257.48, 120.23
217.31, 120.23
